5748
1452
7661
2732
3918
110
8218
2490
2503
9458
8963
5533
6390
8705
3050
6397
8805
4491
9837
1165
272
7513
6547
616
4340
6642
7465
4619
4171
9758
4779
4076
6674
9490
8905
7313
3875
9182
3399
4583
6977
4718
6864
1808
6412
8432
1951
3136
1964
9012
8824
4776
1654
3125
6137
9678
935
6096
4338
5482
5428
2686
351
8108
8469
2583
5702
3222
7859
5795
8631
7809
8035
8885
6507
8756
6069
1603
6471
490
4432
3000
5492
824
2763
7799
9990
3647
6754
6004
7461
8360
1916
8680
7050
7893
9406
4931
3188
6643
3147
8617
2078
3985
8026
8527
8953
3781
2992
5053
331
390
7400
6384
9112
1277
7389
3122
3350
5990
1703
4885
9602
3510
6555
8701
7747
4433
6667
744
2804
1400
9888
5183
4068
8382
2100
2629
5313
7093
22
8651
8604
6696
4008
4155
8088
4462
6240
6077
4605
7398
9288
1941
4909
8577
3958
180
4035
1226
7444
5258
2942
1516
5617
2959
2729
9155
1689
8448
8989
2475
4063
8597
5162
9716
538
3902
8288
7634
8115
9384
5174
1346
4265
316
4592
980
4902
3359
9191
5337
8843
7836
2325
2411
660
6138
4421
1612
9054
2826
4124
7602
10
2004
4060
1801
436
8542
9869
6099
2972
3296
6547
3450
8722
2196
5023
5119
8578
4398
5733
7116
3493
807
4560
6855
5643
692
3514
6127
7590
4382
6609
8509
284
9431
9561
308
3658
6411
5996
1210
5646
4268
2658
6255
4276
359
1836
1847
8326
8196
371
4329
8192
6756
4505
1026
1999
7109
8779
9481
6858
2124
6085
4853
7010
1264
1428
6017
5534
609
2681
7266
8307
18
3716
5044
5361
7582
7023
3839
6851
7704
376
8622
5329
9415
1007
3817
5970
803
2891
3500
5420
8703
3444
3139
5711
6015
3926
6084
4187
5510
7235
512
8722
9542
1830
5397
3706
349
4912
2129
7890
7357
6000
5288
3858
3881
1838
1877
9127
4826
503
3201
3201
2917
8580
2435
9316
1027
2866
3484
7139
8764
9895
5307
1506
826
5272
7467
7575
3472
3040
4717
8131
6630
73
6768
1658
867
7744
7049
8043
2752
3509
3284
8059
7170
6104
9931
1722
7018
5207
8370
5305
9546
7062
6662
1600
6014
3069
2239
2496
5608
5886
1711
330
2083
3066
6683
2041
6426
4957
7221
7485
7262
5236
1561
6186
5638
9427
1313
3197
667
8098
4346
8509
8871
2703
3221
3575
4234
7666
6987
9087
2879
7161
3458
306
6265
4148
3804
6152
9281
625
465
1530
303
7630
1251
9743
6350
5158
6802
4182
4912
1595
7558
6387
9485
7433
1914
2080
4499
3952
7048
4226
3745
2842
3359
7664
5697
3695
3894
3183
1000
5680
784
2056
5100
9315
7713
570
1012
6906
5873
6755
2843
976
3444
9008
9957
5812
3731
544
2596
935
356
132
7196
6955
5863
2776
8876
4806
214
1215
5598
872
2673
3341
5769
8134
8739
1994
8970
4285
1924
5180
6849
6036
8356
3506
609
9192
1640
4334
8188
6105
5516
8637
5967
9468
9101
6331
2422
220
5569
787
3230
2278
1601
2447
52
2892
4768
1569
6043
2642
7516
1947
3973
6388
1077
3086
579
9101
3326
4563
6241
9366
1611
6079
3985
316
3003
4976
8758
1607
3375
9709
8659
5516
7355
7094
9552
3193
1729
147
536
8381
9334
4398
3474
535
6492
6619
1329
3418
1061
9572
951
6374
6376
4079
8841
5537
9310
7201
6272
1503
9804
2495
4642
5290
5160
7511
9704
3312
4855
7781
180
7656
9589
1570
6956
9155
5730
6812
3550
8896
200
2546
8036
9079
1694
5672
8411
9221
3423
6748
9492
3467
9415
2601
4638
3472
3869
2658
2744
8272
8508
7986
4839
5925
8149
8774
4441
6912
3015
4105
2934
8466
9724
4886
5024
9768
8880
4778
616
1335
4755
643
8161
5969
5330
9431
8914
6636
4323
2173
3806
874
7065
2238
533
9043
7742
293
2988
5500
2510
362
877
1136
8163
7154
3754
5936
2384
6528
5014
2274
6958
363
4189
3575
7625
379
8576
6942
4151
4360
9390
615
1790
9111
3507
7445
7190
3025
5731
8500
6143
4634
5300
3595
1957
6097
823
5985
6981
5190
2292
8734
7924
7185
6013
5858
8921
681
273
5844
3285
7897
2126
2535
3507
8889
2537
8787
5894
2207
8431
3876
3528
9880
4737
3931
6329
7951
7739
981
5652
824
5133
4068
2241
9158
473
3293
1853
4954
1200
9049
4075
7093
1078
2656
5400
3330
1102
8150
3370
863
353
325
5332
2034
3679
6543
1282
7660
5840
349
677
6460
1202
7328
1000
337
5780
5218
7223
969
4875
6112
2128
3358
362
6996
1833
8996
1310
7779
2748
7105
7845
1317
6304
5303
2045
3371
1731
2212
7297
5725
3891
5782
3146
2086
3940
5564
234
7359
6577
8865
8578
9628
4789
723
4156
1750
9926
3451
8956
26
832
1329
6706
4667
9726
1066
1532
704
788
582
9741
6025
3115
9659
2274
7038
7769
2526
3919
8548
3424
6260
5006
9137
6996
5778
2710
6112
6751
1011
4831
7949
5265
6164
5514
2497
915
1145
3916
3140
6419
9306
8631
6593
6334
4368
1521
3616
5026
6779
6316
3719
2748
578
7814
4560
269
1515
8061
8859
7205
6860
8909
2301
7105
3622
863
4933
1209
714
2912
3506
7363
9438
9924
2341
6129
8861
7382
9644
7225
6758
1422
4017
9505
8113
3914
1041
306
9377
2107
8959
7541
7002
6428
4377
5204
3153
5108
7525
8760
8648
3814
5658
3296
4137
1977
3347
9224
5092
2599
6538
9852
4992
3072
7968
5367
6162
6097
7944
473
3356
5562
6427
4934
6019
8490
7512
3953
1194
9271
731
2180
914
7006
6416
6121
2606
8534
1968
9085
8360
4056
5120
1729
665
2707
9582
1423
8580
3403
5818
2381
2423
1467
929
395
6133
4278
2781
5376
8557
4216
9658
7302
5719
7166
7744
5529
9111
1363
6200
6835
909
3672
5184
121
2999
4495
7731
9590
3240
9247
9799
1341
1003
4193
6655
2071
8482
1182
2932
1868
4993
5188
8983
6827
8194
5023
3496
6325
601
3519
5131
5324
8917
3176
5119
9307
817
9763
3082
273
6852
7566
4759
1481
8054
3709
1394
9391
8539
5691
203
3573
3280
1312
4591
2454
3638
6118
8540
1716
8214
6816
2540
6399
8189
9368
4911
4156
8124
7465
5241
7455
3453
6912
5219
7790
7666
1450
7830
9754
5492
4577
435
9436
9991
2533
591
9462
1560
9421
8328
496
5342
9791
3178
3055
1068
3587
8284
9369
501
8872
8312
7646
2327
9062
7368
5594
7265
7110
3673
2273
2370
7626
5773
6706
556
3827
2745
4787
7444
5360
6123
3560
2737
5906
1844
425
2305
9056
1172
3261
1762
5608
5831
483
6624
9439
1620
2654
6755
1985
865
462
7138
6900
7373
1532
6738
950
717
3213
6331
5730
1894
9705
7219
8944
6652
9145
757
8070
4994
8404
4341
6275
4286
7130
5578
7046
5811
5202
2775
7737
6602
3685
4378
651
4181
3945
5287
6255
4748
5931
7495
2471
767
7961
4347
1138
4387
1008
4134
7592
9828
6020
8987
4023
8233
2027
8010
4008
4028
3155
7180
5477
4094
7170
2172
3641
1658
9123
2388
5328
3480
2769
1867
1240
4906
1127
3300
773
8256
253
4229
769
8306
457
6654
6343
5138
4906
643
3556
8788
7398
2197
6025
8354
3932
3799
684
8695
8489
324
4182
5084
2660
9819
966
9276
3717
3489
8035
3251
7659
1254
4305
4639
2779
1523
7001
9466
523
5727
7949
3893
4952
5824
1733
6420
2422
2671
2807
8877
7920
1912
5955
1266
8407
4469
6646
8617
6786
3155
3367
7646
3254
4645
7968
5785
7630
4032
1164
9963
208
8762
2429
2511
7545
2987
6894
3312
4624
3153
460
1071
7097
8309
2984
2094
6340
6443
2470
8234
8364
234
6764
970
9493
2408
1369
9944
2190
9172
4246
7226
1815
8838
9282
991
1911
2603
2982
7790
6669
3083
1567
7206
9264
8178
5553
4615
9391
8605
9101
9685
338
7515
2995
5133
7229
4058
4108
7678
7277
2616
1955
9713
2414
9258
9085
1190
7435
2101
4958
1873
1522
4976
2064
6827
425
9129
4686
1451
4111
3010
8997
990
2551
3540
8608
884
4261
9922
1067
7544
6691
3727
247
816
2732
7959
3378
1347
5200
3848
2702
4933
1491
5388
3821
4516
5956
3381
3899
7148
6462
3199
6382
3823
5746
3242
9132
7717
272
2707
8750
9019
1925
8165
2686
3777
7096
7991
6288
7588
1670
3828
9410
4041
806
7247
5097
1899
7819
2908
8446
3037
5380
6116
2748
8486
2476
9759
7878
6578
9764
6751
877
4222
3164
3996
5243
7067
6895
2196
294
4428
8614
5038
297
2327
2887
1487
7211
2422
5877
7657
9861
1631
8685
298
6522
3500
4104
7256
5696
2708
9985
569
2123
9042
7402
1579
1670
2903
3981
7
4909
4596
9852
6241
470
8101
3442
3566
1522
3966
9281
99
4087
658
6115
59
3064
5461
8268
8016
3523
8347
4989
8952
7388
6667
7198
6555
8017
337
8430
7574
4420
5188
1880
3415
9586
1628
6580
2078
8308
3123
5437
9584
4275
2685
7536
6721
1373
6115
2847
2289
6418
183
588
3341
8840
5051
5750
6979
6873
81
7131
7019
1065
3185
3451
3261
8716
7911
8153
7109
2745
803
1930
5695
4161
5733
6283
7781
838
2209
5999
5202
6803
1628
9477
5669
6409
7302
1758
9820
4747
7046
4018
8819
7023
5931
9050
9084
2848
4497
1369
5983
7029
2764
6025
5146
749
8458
1357
8831
2111
9782
5813
8410
4072
2027
5801
29
4183
9636
9549
899
758
8900
9728
110
3528
7376
2501
1363
4904
8775
2842
7795
7063
4063
2294
1015
8372
9866
184
5697
7830
3075
7516
5215
6582
3157
8276
5099
9986
2940
8744
8379
9706
9235
3648
3230
7627
604
8033
4496
2834
9059
6279
924
6013
2415
5468
9893
7823
6140
457
417
7855
2007
7321
7285
2738
3971
1133
1254
6910
5400
372
2841
3580
7424
388
3630
4174
8471
4531
5130
7853
3333
1079
2650
6377
252
5437
9154
3434
5435
7903
2800
114
3685
4252
8353
2529
4417
4345
1156
1525
549
7038
2332
4770
4435
9359
718
8981
5311
643
2442
9176
5800
9781
2793
562
7575
773
9171
2247
6376
3152
9667
2114
9536
9412
9779
3086
8869
630
3261
9696
7614
7495
7820
4493
8690
995
2141
7610
9333
9435
3535
3512
1225
8546
5114
3055
7978
896
4145
9396
9264
9213
9260
4084
4790
4169
9901
4658
3262
6603
8081
5734
158
973
8590
99
9654
8965
8198
4938
7979
6092
8533
7002
4215
5547
1321
8301
601
1655
7828
5513
6715
8690
7843
9813
5806
9502
4885
5077
2677
138
6977
5463
750
466
1111
3378
3645
3459
7695
3452
4090
6426
2341
7371
6513
7413
6270
6394
8937
2227
3974
8283
3917
1209
1155
5127
8796
8003
8797
5293
5771
1673
3529
5142
3250
5952
6577
1696
9289
2886
5545
7647
8456
9672
5147
41
6671
5726
4502
8321
7679
7449
5607
9929
7979
669
1858
6482
7032
5631
3728
7592
991
3632
1095
8886
5198
3671
1563
5896
1631
4970
2833
9902
5914
6608
9891
8782
2955
5243
6315
8262
2836
3685
4463
4260
2358
5457
9937
5633
5270
4883
1451
2718
6559
2612
5129
8911
8284
2515
6228
3179
8586
6921
6671
6790
2008
7448
2868
6384
1509
7240
8729
2088
1382
422
1342
3323
2685
9664
6613
4574
2810
2596
5674
905
1885
8178
4867
1078
2729
9891
8449
967
3963
8193
650
91
3443
5083
6274
3443
541
8624
4929
3368
8865
1744
6167
185
8694
7591
7280
8419
4096
5189
3425
5836
2648
7847
798
1962
2823
266
4452
7428
3427
5353
4433
1833
9637
8444
6140
8980
275
4820
6223
1078
3283
2547
9046
8433
5182
1343
4299
3885
994
3746
8442
7260
2041
3150
3323
201
2178
5711
8725
5421
8143
1850
6605
4067
4521
2395
1891
1074
6742
8157
5224
5181
1515
3459
4610
1561
2889
8591
7935
1642
3699
4846
7433
6859
2692
4105
7184
2258
4750
5927
1504
7056
2965
8144
5512
3242
5773
5001
9901
1911
9153
933
9981
9472
9206
4396
7162
6431
9632
3725
3754
26
7183
434
3620
7190
368
5778
4023
9686
1306
7972
4028
2986
2389
7391
9353
3731
1948
4609
7614
4845
9268
8890
837
3149
6378
7756
7966
152
1733
6856
446
2065
8175
638
2707
4210
5995
2519
6636
6309
5402
8337
386
8578
6553
4784
7707
2334
213
7885
6316
4930
4384
949
7951
5359
6322
4692
7391
8407
9281
1241
1118
8158
8596
6743
4027
8416
6692
2257
773
8964
9491
1700
7489
7767
1604
5426
422
3408
3555
7185
3464
5223
925
7408
5665
1855
2583
1142
5205
8792
3947
4459
2840
1013
4897
2574
9946
5981
3156
3112
3473
962
3392
2207
5292
28
4815
7785
4406
857
3519
5215
7280
1428
7817
8202
7890
6136
7961
9308
7181
933
3365
7306
2374
8104
9984
7813
4213
7936
3354
8796
70
4750
9730
9012
5263
1264
6460
5821
7706
5415
4925
5135
1046
9839
4702
1870
9368
2653
1293
8618
7361
9417
1301
9433
5744
1904
4277
9664
5706
1021
3113
1257
9299
4130
9955
2405
8688
5769
2943
7411
3961
4193
9205
7694
7406
7895
36
6898
1455
9322
3703
6490
8773
8169
9759
7037
9283
2491
2958
129
2920
5966
4635
6686
8682
8688
3655
1543
3748
5369
4920
60
7650
6234
8559
25
3524
4406
4145
8727
9698
3209
1690
4706
9016
2639
7383
2522
3736
4071
6887
953
5615
2583
1624
5674
9917
6131
364
1543
618
4327
4271
5698
8588
7991
4243
5015
5781
184
9344
7624
2711
7973
616
2467
3591
9628
8624
330
149
8086
8169
7795
4122
340
1599
5685
6098
3279
8829
1769
2182
7530
8454
1326
2504
5362
1586
5924
2105
9232
909
1401
4303
396
3411
9922
418
7125
5340
3383
728
8670
8617
4985
6730
197
9734
1891
7430
3083
4493
4549
8560
3170
8464
3392
9149
3456
5065
3503
968
4821
547
9134
4663
6955
9930
3021
8114
6543
3653
3235
4943
8985
5202
3346
3322
8274
9493
5990
5027
5538
8680
9342
2853
8423
9376
446
4530
6813
3344
435
3162
656
7230
8006
1674
6867
786
801
179
9323
4170
8149
8647
901
7418
8653
3384
1453
9355
4764
3193
2464
534
460
328
7912
4894
4576
5397
6939
1939
8737
5646
7336
1640
6186
5182
4179
722
8113
9657
1785
679
95
3367
3750
5782
4164
8139
3339
8518
316
6100
6399
6098
992
9758
4496
5859
5618
5362
3465
3242
6467
3139
3795
995
3211
712
367
7036
5746
6051
3626
1756
251
6717
7459
1743
2465
4235
7593
8157
6207
446
2874
3291
2970
2496
270
5516
7445
1926
8569
4517
6772
1457
1801
2488
9209
8566
8950
7903
8708
5149
9555
3945
6644
5727
1551
4640
7257
3851
2669
5940
1977
6008
3643
1215
7323
2423
9166
8223
3700
4622
1160
4886
1476
2083
2871
7612
5560
5201
7900
5057
654
753
7951
8369
3733
1386
750
8818
4742
6055
122
4613
7898
9413
3491
4483
2783
7748
1962
78
3956
5905
5424
8969
8997
9541
6803
2728
2326
1467
8094
1661
3393
9687
2058
6750
6189
2756
8031
5735
7082
8126
4794
2034
9962
8072
3453
8792
3314
3225
1441
4373
4958
7151
5345
9574
7711
2724
9186
3425
3491
7550
6362
7000
6387
8654
2952
2229
5271
4206
2563
3508
1890
4332
9682
8170
9280
1306
9812
1043
8989
1984
4985
7015
3931
412
2633
6380
9319
3744
5839
2564
1944
3008
3940
4473
4271
5
8921
3524
2283
1103
9104
5339
499
8950
8229
2500
3759
5002
8395
2528
3324
2461
782
9835
3922
8237
6049
867
273
4788
6776
6259
6084
8928
4602
137
9218
795
5314
6850
2048
5997
7359
6620
2114
5630
7795
814
6507
484
180
7078
8303
1050
1129
8402
759
3874
1260
9619
9146
8118
1907
6387
176
3270
8589
2037
8536
6607
1781
560
2874
6914
341
7128
559
497
7417
6431
7696
404
3193
9148
1717
9863
5236
243
1146
8295
1512
3616
9936
7391
7915
1189
6183
7344
521
5488
6729
9592
8136
6238
3004
4510
2765
5494
6492
3592
6691
9293
6724
2369
2208
984
3556
7252
4107
5784
961
4282
6220
5347
588
5046
6232
8606
4614
9242
7583
3425
7547
2493
1046
7211
9158
7718
9656
9190
2723
8553
2541
5636
8938
3460
492
923
1062
2166
3051
131
1127
5053
5171
9873
3220
2645
7715
1656
4244
4567
4200
2826
9471
1665
1300
5441
1921
2421
1671
1252
506
1360
8432
386
2058
2164
2898
1920
19
8453
7432
6567
7161
9995
5032
9003
6323
8486
6828
2658
2712
9306
6956
7425
6859
9269
6752
9454
5195
73
9528
4937
4824
5265
8333
3133
9946
3328
5941
4627
2133
9883
8139
5270
1170
7999
3205
6233
5199
7642
3962
6579
1984
8576
1625
6521
6582
5353
8972
8658
3941
6091
2263
8731
5067
9392
7915
7032
4806
2881
1946
722
848
8357
4056
6604
3876
1012
2437
3052
9250
6733
5428
7786
2737
4031
2924
8494
9997
580
370
587
1471
5370
634
6160
3313
3069
8308
6766
972
3557
4994
6195
6134
1655
3177
2291
6287
175
4074
7677
6935
6495
9566
9711
8030
6093
2024
3608
6696
6420
3581
6724
1425
9057
1023
3863
713
7253
4459
5405
4840
3175
1407
6756
7597
6138
3023
7637
9063
9556
4596
6385
5339
1131
8982
2423
131
8036
8299
2504
5482
2771
6494
4793
5650
5927
7154
7486
8933
5359
9294
8814
4002
8814
2337
2030
573
2143
5785
9793
3111
3272
9109
2385
8490
5144
406
2538
3293
1038
1738
9216
4644
5290
126
2187
8440
4695
4470
4207
584
8890
7831
2217
6407
1735
1042
4220
4099
1812
7744
9797
8216
2490
6288
592
2331
48
3638
7973
1605
2963
7677
4932
5937
8717
237
3532
1259
8611
8596
6937
1471
5892
8198
2503
9661
3941
8239
8772
4393
5791
5909
421
5527
5352
1945
8339
7050
4080
3480
3913
4877
3099
124
8009
6260
6447
3967
744
2902
9543
3982
4650
4311
2493
9706
3775
939
6286
7592
5736
6064
7361
8962
3412
6678
208
6869
1252
448
7801
598
3000
4461
7644
2214
4117
9795
6033
4448
892
5753
4943
2873
979
5915
6964
3565
9369
248
1910
2417
9891
9956
8297
3883
2540
573
1381
7505
2000
2136
6806
3807
8082
9437
4439
6402
9488
6012
6063
1006
82
4755
5666
3625
4541
405
8217
1490
8139
674
3070
303
7293
7782
4243
5737
7639
722
9811
3406
8304
2845
1575
4064
3489
8052
2356
573
7874
3295
6326
6824
6055
7377
8264
9050
2247
7553
493
3353
5311
3933
2765
1228
3437
2089
4540
6955
612
9929
7063
1900
6892
9843
505
1281
1546
7773
132
2044
8661
7117
7814
5051
6334
4527
7600
4542
5630
9260
3600
4860
6886
2194
6820
6861
8100
8691
6903
4207
2301
1317
3840
5664
116
2937
4456
582
4807
1484
3350
3954
7714
2844
6370
2765
8086
922
1526
4047
1241
7908
843
785
5457
8606
4792
2212
9564
5392
1102
8932
5809
1222
4669
140
1264
2125
6031
8867
9496
8882
5976
6475
175
7149
763
4360
6538
7140
5779
5591
2739
8115
8075
8898
8739
9293
8832
8523
8831
2571
1046
6080
5695
8505
6482
3635
170
805
4320
5511
7800
8427
3821
3698
2428
3621
3445
2156
4505
2709
5207
4510
9229
1607
10
5350
5647
5807
3603
933
9381
8288
2797
1488
6544
3885
1768
9266
5606
6653
7662
9730
3259
2415
5821
8051
5337
3900
6693
1301
5885
5729
7336
2844
4159
5385
8075
7307
1411
804
9628
7979
5585
8287
691
7337
5161
3782
6914
7915
9302
8938
8605
6455
7739
5186
5977
6973
4373
2653
2429
3407
9819
4351
5561
5316
1574
6823
2933
2988
4446
1753
9871
6858
282
7438
935
4284
6310
7929
213
4082
8909
820
2587
433
9218
2670
1689
2316
7556
6213
7035
7281
4831
2571
2825
5454
1984
8089
5871
1158
7013
2178
1654
3277
2778
5392
8265
2355
2930
1223
4990
4962
281
6293
8833
5383
7493
6664
905
5983
1406
5894
1862
4899
2407
5521
7719
2530
21
5014
3460
1424
4323
9694
7906
2497
4621
5712
8669
2557
7639
198
4871
3675
3159
1834
4534
2345
9233
1169
2701
2346
4063
4399
9179
4698
8282
367
2962
5191
4818
4703
2512
1019
9728
1962
6352
9350
2786
6519
7762
5712
4671
6925
2511
7366
9521
5910
9655
4359
3956
5904
7033
6324
3935
8784
8848
9424
5374
1451
6503
9426
9971
7744
1515
6403
4276
6983
8594
8366
2999
3625
2452
734
3327
6138
9952
9730
7190
3373
6174
9167
3443
5591
2706
4438
5538
6633
4290
615
2926
6777
7986
4631
6098
4065
2418
4694
8064
8693
6518
1419
9612
5572
2584
3792
8520
95
7947
8768
1675
6168
9618
229
7176
9124
2135
1830
2049
2572
1352
1784
8795
9597
8455
3776
7128
7745
1897
7591
5510
1441
959
2118
6934
1783
2409
6894
9122
7253
9127
2917
6323
9163
2830
6584
3044
5394
8039
3235
2991
874
8118
5041
312
2815
6331
696
9931
8382
3735
8825
8291
867
8908
3108
6054
3913
3492
4692
5141
3853
5548
6310
8682
6221
4401
8207
2074
5311
183
9936
1816
2794
8491
1715
7883
5993
428
7459
9839
3778
4378
3230
1385
7555
5052
9783
2822
4444
552
7077
2438
4350
7666
7661
1529
9346
4153
1252
2438
8843
7487
7023
69
6377
2330
3594
8676
2768
5033
8103
1609
8851
7630
9790
7987
6158
4598
8990
3930
255
5414
5719
4705
800
3537
8139
9001
8558
3031
1757
8533
4171
8801
4706
578
6799
2641
6023
1499
3771
5612
2269
6727
2570
9243
5065
9410
5584
9642
2690
9880
2507
8237
793
4032
9145
2187
3062
7726
2908
998
9092
9001
3503
5063
6894
8743
1082
7094
1034
3581
5633
1493
9351
7756
1331
9224
948
9122
7384
1534
6893
5019
247
46
1887
3794
57
7170
5701
1200
7132
1915
3009
5146
6495
6837
1627
4699
1792
6812
5839
7362
7289
3530
4595
6139
6027
3179
8979
5001
7629
4170
5261
240
5921
2366
6401
5331
7268
3005
8052
553
7277
4914
1780
3633
1120
2923
5145
7162
8978
3
3655
4655
7731
9102
716
5997
4827
5918
7524
3209
312
6154
6041
2141
3967
1949
8029
2382
2358
2688
1380
8111
9394
8193
9591
5889
5522
7888
3157
8931
3453
6792
1713
6000
2716
8894
6877
6931
5582
2497
3408
9864
4920
574
6629
2278
8461
9939
8216
6043
1001
7769
200
1476
7622
2651
6434
4088
4636
8938
3888
8020
3053
826
9196
3812
3574
1573
6131
9659
2521
7588
3565
7438
4482
6843
8306
6856
3905
9989
6730
5755
3543
2256
7148
6858
131
8815
4983
4356
9961
4142
4775
3758
5042
7882
9770
523
3137
8809
5081
3202
3570
6859
1502
52
9427
1338
1707
9744
7520
7689
5888
5689
7544
5245
6667
8510
2639
9760
7069
7942
648
2844
9341
4896
1149
2030
3676
8249
3006
3693
9466
6678
1993
2170
8009
8751
9069
2190
8238
7386
5639
8174
7264
424
8763
4749
3547
1557
8773
6951
1023
4965
9649
5553
6511
5526
5781
2365
7290
4949
8152
4582
2306
9451
3722
5097
2585
8389
7573
4839
8574
9461
2287
3383
885
7878
7311
4638
1676
6855
4874
1581
2190
8422
76
9003
1262
722
1998
6487
5058
3569
2463
2768
8876
1101
887
3926
3522
666
2922
6673
2661
9017
2074
5441
7911
9907
9045
1277
2954
86
3458
3883
1075
8029
2461
4229
9919
8791
7058
4056
2775
5805
1344
1214
8776
4725
5686
8388
5698
2293
3402
4725
2942
5157
902
9855
9344
392
5999
379
9610
5545
1277
2113
8774
3294
8058
4073
6587
6546
8007
8036
8039
3580
8912
483
3055
2432
236
3412
5950
503
1997
7799
2210
5926
8365
7022
6228
1269
1700
9598
3325
7350
3472
7982
3105
2564
2229
5916
8612
5038
1734
9243
1690
1984
1316
3723
1177
3893
127
9149
8060
8339
8648
4242
1155
4295
8985
6634
4082
1561
9713
2082
4680
820
9941
8581
9239
741
4706
8214
1241
9453
3895
4503
4794
6718
3080
6252
7365
1288
3029
7124
3414
3854
4894
9648
7911
7597
5423
105
4432
8111
4136
9960
629
9808
2841
7296
1521
14
204
4816
7798
1725
3129
1834
7294
6081
3425
8850
1875
8347
8521
6893
6512
613
992
3235
4654
4243
9731
3103
535
4590
6941
2389
2397
4333
7013
113
7908
9005
5655
1864
637
4084
434
3694
8531
4231
5775
2621
5289
4856
4475
5100
7108
5025
437
6595
3576
7304
6929
9351
1237
7143
6342
137
1398
8745
9976
3951
7593
7129
8073
7847
6244
5213
9313
9580
9701
5507
8174
8500
8797
708
6722
7228
1792
5171
2148
6823
5206
5262
8793
3515
4737
6801
5279
9175
7466
5977
3728
7002
971
96
3337
8848
9128
4864
1720
4191
1851
422
9713
1333
2089
1595
4739
4284
9301
6651
631
5835
3231
5594
3271
7545
4506
2821
6390
8522
2126
8882
991
4271
6837
5201
7792
6321
2214
5431
6140
9441
9535
1232
8261
1360
5953
2206
8834
2976
7058
4757
7807
5985
1753
5172
7811
6468
6728
2931
1220
4684
2134
6978
493
4819
4382
5997
6422
9696
3579
1219
9544
1330
9320
6150
1471
6642
4512
8680
8718
6571
4104
4633
2070
6003
7769
8306
9134
123
3695
1249
740
1062
566
7279
3053
5764
3533
4688
9062
2040
9946
4267
2924
2556
8512
9788
3957
9760
3596
57
6692
3917
6316
1391
9959
4358
2315
1698
3446
3210
699
3613
4901
7070
3177
1787
9467
8214
9448
6047
3269
1052
9233
437
7077
824
2105
16
3039
3349
2917
5675
3657
2616
8617
5393
8021
3613
4649
1431
2434
2405
6722
7820
4150
8054
8203
2177
2945
347
6617
408
6311
5028
4246
7552
8471
9598
1142
916
2287
6408
8355
7710
9209
5009
8983
8450
7443
5405
3186
5855
1773
5
2043
9667
5577
6536
2226
6534
8245
4702
4343
7694
7453
7913
7995
4239
7766
3296
3304
3175
3539
6212
8580
9353
430
7954
1340
6418
8899
1712
1946
2408
1213
57
5896
8513
3673
4374
4006
4856
8764
3716
1295
3756
4975
749
9254
5791
5400
423
3492
4778
8264
8499
6742
2107
5252
6278
3814
6942
9131
7085
5932
9444
7293
9400
9888
586
5583
4538
7053
4526
3532
961
6754
9719
4957
1970
1353
4562
9404
4491
1277
6829
5621
6754
6326
8002
566
1792
4028
707
7346
3185
8562
8448
3361
4083
1109
4604
3755
1709
7165
5308
1856
6197
4971
8549
9390
8303
4894
3535
4376
2471
9361
1380
7524
2509
7458
6745
5216
6898
3532
9113
6882
5996
9739
8219
2420
6372
8151
8330
2229
4795
490
982
352
2055
3723
1894
9619
6759
6284
6885
4339
6420
9398
3466
5604
8517
8319
298
735
9088
6253
1433
2811
4784
1291
5470
2801
3755
601
8574
9956
7014
2818
7795
1557
1354
8232
9197
6879
9105
5746
373
1067
9068
5368
419
8152
3880
1745
9413
9948
9406
2174
9264
8534
7345
8727
5437
1526
2673
7508
5184
8988
6897
8907
7826
3521
9067
9784
2826
7142
8125
9207
8730
2054
7400
1472
7450
8941
1141
944
1247
9690
904
659
3437
7219
7881
8757
9516
3144
3468
9528
2144
6224
3838
9614
5113
7938
713
4116
8287
1850
4676
7404
2759
4015
261
625
5325
347
1120
9434
5047
3777
4652
5415
8351
7972
9217
8244
6852
3739
2616
4128
564
7324
631
1086
3665
4263
6081
1158
7262
2097
9407
1468
5756
1226
3679
4161
893
1705
8663
6898
8263
6673
7222
805
1367
4295
4230
1259
3846
6128
1509
7598
3796
2950
1885
8791
7250
9251
2349
5898
5357
8824
3424
2609
6799
2542
5658
8617
4764
5356
437
4873
9409
7645
8944
4978
2283
5386
5533
1639
7452
3877
7502
1181
7852
286
7632
6209
3632
5908
4287
876
2561
5121
2731
4765
789
8817
3883
5321
5530
8403
607
4504
250
5545
7783
5020
9737
6507
3343
9307
5488
8383
1502
959
8547
3757
8519
9195
7332
2041
3128
2312
1115
1518
1660
8652
8134
3102
325
6841
2657
939
443
45
8893
5061
6379
8941
4914
9611
9645
3746
8387
2991
4416
2101
5583
7899
7650
779
9029
7096
1709
9043
7863
5558
2918
4405
6343
3155
1814
9438
5247
4768
5125
7647
2254
3497
3983
6344
1070
5334
8844
3210
5501
1957
7509
3705
758
5426
1756
1435
3811
1538
8479
7647
138
4063
3455
3067
9486
6782
7453
9479
4314
3999
8326
76
6924
8253
201
6159
3089
1765
9637
1958
5856
8648
538
5148
5542
1144
3885
8543
8413
6924
9437
9615
6237
8663
4924
6737
7637
924
3038
7846
9432
5370
8992
7096
7830
7326
2397
9797
5156
8303
251
8193
7974
8969
3842
9855
2683
1704
4577
3279
9035
3399
2556
9672
5944
3093
9095
1965
8747
4506
6847
1067
7204
4521
2503
1060
4739
1988
9689
8155
5032
9487
8623
3483
1239
455
4521
6193
8829
1594
6553
7646
5976
2419
2883
2914
7617
2412
551
6039
1795
223
763
3095
1925
441
3824
6514
5732
3398
6520
5097
1660
5888
2948
5671
6116
23
3148
3329
8078
7330
4367
930
7684
6753
7627
2565
7600
9637
6938
1065
8643
1676
5474
858
7050
6292
8199
4942
8548
6456
961
2290
3083
9597
2598
3963
1503
477
691
6087
3540
2295
8505
1209
5373
5406
2087
2104
2543
9207
624
7143
8221
2308
8054
5162
924
411
6032
6039
4068
7698
7798
7892
7818
6102
5450
7944
8708
9256
2184
5311
9677
5071
8486
9343
5774
4647
2219
8619
16
1526
2703
9923
1971
9481
2439
973
3644
2861
8436
4127
289
3509
5981
7824
1667
8936
6443
744
3045
3388
7194
6047
5445
1179
2253
5261
8054
5606
9214
5039
6697
8031
