224
224
224
224
220
220
220
220
220
200
200
200
200
200
200
194
194
194
194
194
190
190
190
190
190
183
183
183
183
183
183
182
182
182
182
182
185
185
185
185
185
191
191
191
191
191
191
201
201
201
201
201
218
218
218
218
218
234
234
234
234
234
234
321
321
321
321
321
772
772
772
772
772
1617
1617
1617
1617
1617
1617
2497
2497
2497
2497
2497
3204
3204
3204
3204
3204
3731
3731
3731
3731
3731
3731
3972
3972
3972
3972
3972
3998
3998
3998
3998
3998
3656
3656
3656
3656
3656
3656
3065
3065
3065
3065
3065
2309
2309
2309
2309
2309
1520
1520
1520
1520
1520
1520
884
884
884
884
884
511
511
511
511
511
397
397
397
397
397
397
368
368
368
368
368
348
348
348
348
348
343
343
343
343
343
343
315
315
315
315
315
273
273
273
273
273
231
231
231
231
231
231
208
208
208
208
208
192
192
192
192
192
185
185
185
185
185
185
181
181
181
181
181
178
178
178
178
178
180
180
180
180
180
180
178
178
178
178
178
181
181
181
181
181
180
180
180
180
180
180
188
188
188
188
188
194
194
194
194
194
204
204
204
204
204
204
207
207
207
207
207
212
212
212
212
212
217
217
217
217
217
217
220
220
220
220
220
224
224
224
224
224
232
232
232
232
232
232
235
235
235
235
235
241
241
241
241
241
245
245
245
245
245
245
242
242
242
242
242
249
249
249
249
249
250
250
250
250
250
250
262
262
262
262
262
303
303
303
303
303
344
344
344
344
344
344
522
522
522
522
522
745
745
745
745
745
950
950
950
950
950
950
945
945
945
945
945
739
739
739
739
739
448
448
448
448
448
448
295
295
295
295
295
244
244
244
244
244
224
224
224
224
224
224
212
212
212
212
212
208
208
208
208
208
206
206
206
206
206
206
207
207
207
207
207
212
212
212
212
212
223
223
223
223
223
223
222
222
222
222
222
241
241
241
241
241
253
253
253
253
253
253
288
288
288
288
288
321
321
321
321
321
360
360
360
360
360
360
371
371
371
371
371
355
355
355
355
355
319
319
319
319
319
319
286
286
286
286
286
268
268
268
268
268
241
241
241
241
241
241
246
246
246
246
246
225
225
225
225
225
232
232
232
232
232
232
234
234
234
234
234
251
251
251
251
251
272
272
272
272
272
272
279
279
279
279
279
305
305
305
305
305
314
314
314
314
314
314
305
305
305
305
305
299
299
299
299
299
263
263
263
263
263
263
249
249
249
249
249
234
234
234
234
234
224
224
224
224
224
224
217
217
217
217
217
206
206
206
206
206
210
210
210
210
210
210
202
202
202
202
202
209
209
209
209
209
206
206
206
206
206
206
209
209
209
209
209
216
216
216
216
216
240
240
240
240
240
240
253
253
253
253
253
281
281
281
281
281
315
315
315
315
315
315
373
373
373
373
373
414
414
414
414
414
429
429
429
429
429
429
388
388
388
388
388
341
341
341
341
341
304
304
304
304
304
304
269
269
269
269
269
256
256
256
256
256
245
245
245
245
245
245
239
239
239
239
239
244
244
244
244
244
247
247
247
247
247
247
253
253
253
253
253
260
260
260
260
260
312
312
312
312
312
312
328
328
328
328
328
356
356
356
356
356
415
415
415
415
415
415
419
419
419
419
419
420
420
420
420
420
361
361
361
361
361
361
317
317
317
317
317
292
292
292
292
292
278
278
278
278
278
278
252
252
252
252
252
243
243
243
243
243
232
232
232
232
232
232
228
228
228
228
228
234
234
234
234
234
242
242
242
242
242
242
245
245
245
245
245
254
254
254
254
254
277
277
277
277
277
277
293
293
293
293
293
316
316
316
316
316
332
332
332
332
332
332
342
342
342
342
342
329
329
329
329
329
310
310
310
310
310
310
286
286
286
286
286
255
255
255
255
255
237
237
237
237
237
237
233
233
233
233
233
229
229
229
229
229
220
220
220
220
220
220
214
214
214
214
214
219
219
219
219
219
237
237
237
237
237
237
244
244
244
244
244
256
256
256
256
256
261
261
261
261
261
261
269
269
269
269
269
306
306
306
306
306
301
301
301
301
301
301
289
289
289
289
289
272
272
272
272
272
268
268
268
268
268
268
257
257
257
257
257
254
254
254
254
254
248
248
248
248
248
248
237
237
237
237
237
235
235
235
235
235
231
231
231
231
231
231
231
231
231
231
231
238
238
238
238
238
234
234
234
234
234
234
239
239
239
239
239
243
243
243
243
243
269
269
269
269
269
269
272
272
272
272
272
293
293
293
293
293
292
292
292
292
292
292
299
299
299
299
299
292
292
292
292
292
266
266
266
266
266
266
255
255
255
255
255
243
243
243
243
243
235
235
235
235
235
235
223
223
223
223
223
225
225
225
225
225
223
223
223
223
223
223
230
230
230
230
230
229
229
229
229
229
247
247
247
247
247
247
239
239
239
239
239
255
255
255
255
255
279
279
279
279
279
279
296
296
296
296
296
321
321
321
321
321
336
336
336
336
336
336
326
326
326
326
326
303
303
303
303
303
273
273
273
273
273
273
247
247
247
247
247
245
245
245
245
245
236
236
236
236
236
236
238
238
238
238
238
229
229
229
229
229
240
240
240
240
240
240
237
237
237
237
237
252
252
252
252
252
264
264
264
264
264
264
266
266
266
266
266
282
282
282
282
282
271
271
271
271
271
271
276
276
276
276
276
277
277
277
277
277
262
262
262
262
262
262
261
261
261
261
261
262
262
262
262
262
250
250
250
250
250
250
260
260
260
260
260
262
262
262
262
262
266
266
266
266
266
266
273
273
273
273
273
274
274
274
274
274
272
272
272
272
272
272
275
275
275
275
275
259
259
259
259
259
260
260
260
260
260
260
250
250
250
250
250
255
255
255
255
255
238
238
238
238
238
238
243
243
243
243
243
247
247
247
247
247
249
249
249
249
249
249
261
261
261
261
261
271
271
271
271
271
276
276
276
276
276
276
283
283
283
283
283
290
290
290
290
290
280
280
280
280
280
280
300
300
300
300
300
277
277
277
277
277
276
276
276
276
276
276
269
269
269
269
269
259
259
259
259
259
258
258
258
258
258
258
262
262
262
262
262
245
245
245
245
245
257
257
257
257
257
257
255
255
255
255
255
264
264
264
264
264
245
245
245
245
245
245
255
255
255
255
255
243
243
243
243
243
237
237
237
237
237
237
240
240
240
240
240
232
232
232
232
232
240
240
240
240
240
240
233
233
233
233
233
247
247
247
247
247
252
252
252
252
252
252
249
249
249
249
249
251
251
251
251
251
254
254
254
254
254
254
242
242
242
242
242
238
238
238
238
238
242
242
242
242
242
242
235
235
235
235
235
240
240
240
240
240
240
240
240
240
240
240
246
246
246
246
246
257
257
257
257
257
248
248
248
248
248
248
254
254
254
254
254
258
258
258
258
258
263
263
263
263
263
263
260
260
260
260
260
262
262
262
262
262
255
255
255
255
255
255
249
249
249
249
249
255
255
255
255
255
263
263
263
263
263
263
254
254
254
254
254
266
266
266
266
266
262
262
262
262
262
262
262
262
262
262
262
256
256
256
256
256
261
261
261
261
261
261
256
256
256
256
256
262
262
262
262
262
252
252
252
252
252
252
259
259
259
259
259
252
252
252
252
252
245
245
245
245
245
245
259
259
259
259
259
254
254
254
254
254
251
251
251
251
251
251
259
259
259
259
259
258
258
258
258
258
267
267
267
267
267
267
258
258
258
258
258
256
256
256
256
256
249
249
249
249
249
249
234
234
234
234
234
231
231
231
231
231
228
228
228
228
228
228
234
234
234
234
234
236
236
236
236
236
232
232
232
232
232
232
244
244
244
244
244
254
254
254
254
254
253
253
253
253
253
253
263
263
263
263
263
270
270
270
270
270
278
278
278
278
278
278
267
267
267
267
267
259
259
259
259
259
252
252
252
252
252
252
247
247
247
247
247
238
238
238
238
238
239
239
239
239
239
239
235
235
235
235
235
256
256
256
256
256
250
250
250
250
250
250
261
261
261
261
261
254
254
254
254
254
264
264
264
264
264
264
260
260
260
260
260
265
265
265
265
265
264
264
264
264
264
264
257
257
257
257
257
264
264
264
264
264
250
250
250
250
250
250
246
246
246
246
246
234
234
234
234
234
241
241
241
241
241
241
231
231
231
231
231
236
236
236
236
236
235
235
235
235
235
235
236
236
236
236
236
239
239
239
239
239
230
230
230
230
230
230
228
228
228
228
228
231
231
231
231
231
231
231
231
231
231
231
238
238
238
238
238
235
235
235
235
235
248
248
248
248
248
248
244
244
244
244
244
249
249
249
249
249
266
266
266
266
266
266
263
263
263
263
263
275
275
275
275
275
274
274
274
274
274
274
284
284
284
284
284
268
268
268
268
268
269
269
269
269
269
269
258
258
258
258
258
248
248
248
248
248
236
236
236
236
236
236
229
229
229
229
229
233
233
233
233
233
234
234
234
234
234
234
230
230
230
230
230
234
234
234
234
234
252
252
252
252
252
252
262
262
262
262
262
279
279
279
279
279
282
282
282
282
282
282
275
275
275
275
275
270
270
270
270
270
261
261
261
261
261
261
259
259
259
259
259
260
260
260
260
260
248
248
248
248
248
248
248
248
248
248
248
242
242
242
242
242
244
244
244
244
244
244
245
245
245
245
245
252
252
252
252
252
246
246
246
246
246
246
252
252
252
252
252
253
253
253
253
253
247
247
247
247
247
247
242
242
242
242
242
233
233
233
233
233
231
231
231
231
231
231
222
222
222
222
222
223
223
223
223
223
228
228
228
228
228
228
222
222
222
222
222
224
224
224
224
224
229
229
229
229
229
229
237
237
237
237
237
235
235
235
235
235
237
237
237
237
237
237
238
238
238
238
238
244
244
244
244
244
234
234
234
234
234
234
233
233
233
233
233
231
231
231
231
231
233
233
233
233
233
233
222
222
222
222
222
229
229
229
229
229
226
226
226
226
226
226
226
226
226
226
226
230
230
230
230
230
225
225
225
225
225
225
227
227
227
227
227
233
233
233
233
233
231
231
231
231
231
231
227
227
227
227
227
231
231
231
231
231
241
241
241
241
241
241
243
243
243
243
243
234
234
234
234
234
240
240
240
240
240
240
245
245
245
245
245
240
240
240
240
240
247
247
247
247
247
247
241
241
241
241
241
242
242
242
242
242
253
253
253
253
253
253
255
255
255
255
255
260
260
260
260
260
261
261
261
261
261
261
273
273
273
273
273
282
282
282
282
282
285
285
285
285
285
285
284
284
284
284
284
279
279
279
279
279
281
281
281
281
281
281
271
271
271
271
271
258
258
258
258
258
258
258
258
258
258
258
244
244
244
244
244
249
249
249
249
249
248
248
248
248
248
248
250
250
250
250
250
253
253
253
253
253
246
246
246
246
246
246
250
250
250
250
250
245
245
245
245
245
243
243
243
243
243
243
237
237
237
237
237
233
233
233
233
233
231
231
231
231
231
231
236
236
236
236
236
231
231
231
231
231
222
222
222
222
222
222
221
221
221
221
221
228
228
228
228
228
223
223
223
223
223
223
221
221
221
221
221
231
231
231
231
231
223
223
223
223
223
223
236
236
236
236
236
225
225
225
225
225
238
238
238
238
238
238
244
244
244
244
244
252
252
252
252
252
261
261
261
261
261
261
256
256
256
256
256
250
250
250
250
250
263
263
263
263
263
263
261
261
261
261
261
258
258
258
258
258
259
259
259
259
259
259
270
270
270
270
270
279
279
279
279
279
285
285
285
285
285
285
292
292
292
292
292
295
295
295
295
295
299
299
299
299
299
299
292
292
292
292
292
305
305
305
305
305
293
293
293
293
293
293
282
282
282
282
282
268
268
268
268
268
260
260
260
260
260
260
253
253
253
253
253
247
247
247
247
247
258
258
258
258
258
258
257
257
257
257
257
261
261
261
261
261
263
263
263
263
263
263
269
269
269
269
269
268
268
268
268
268
273
273
273
273
273
273
264
264
264
264
264
269
269
269
269
269
256
256
256
256
256
256
241
241
241
241
241
237
237
237
237
237
236
236
236
236
236
236
232
232
232
232
232
234
234
234
234
234
236
236
236
236
236
236
234
234
234
234
234
236
236
236
236
236
241
241
241
241
241
241
244
244
244
244
244
233
233
233
233
233
242
242
242
242
242
242
241
241
241
241
241
242
242
242
242
242
244
244
244
244
244
244
232
232
232
232
232
235
235
235
235
235
229
229
229
229
229
229
232
232
232
232
232
235
235
235
235
235
235
235
235
235
235
235
232
232
232
232
232
231
231
231
231
231
243
243
243
243
243
243
243
243
243
243
243
243
243
243
243
243
230
230
230
230
230
230
236
236
236
236
236
246
246
246
246
246
240
240
240
240
240
240
247
247
247
247
247
246
246
246
246
246
250
250
250
250
250
250
250
250
250
250
250
242
242
242
242
242
245
245
245
245
245
245
235
235
235
235
235
242
242
242
242
242
246
246
246
246
246
246
239
239
239
239
239
237
237
237
237
237
247
247
247
247
247
247
237
237
237
237
237
250
250
250
250
250
241
241
241
241
241
241
238
238
238
238
238
244
244
244
244
244
241
241
241
241
241
241
239
239
239
239
239
242
242
242
242
242
245
245
245
245
245
245
234
234
234
234
234
232
232
232
232
232
228
228
228
228
228
228
232
232
232
232
232
234
234
234
234
234
238
238
238
238
238
238
231
231
231
231
231
236
236
236
236
236
234
234
234
234
234
234
226
226
226
226
226
231
231
231
231
231
232
232
232
232
232
232
234
234
234
234
234
237
237
237
237
237
229
229
229
229
229
229
229
229
229
229
229
233
233
233
233
233
230
230
230
230
230
230
239
239
239
239
239
247
247
247
247
247
248
248
248
248
248
248
241
241
241
241
241
228
228
228
228
228
245
245
245
245
245
245
256
256
256
256
256
245
245
245
245
245
243
243
243
243
243
243
243
243
243
243
243
259
259
259
259
259
247
247
247
247
247
247
250
250
250
250
250
252
252
252
252
252
249
249
249
249
249
249
253
253
253
253
253
242
242
242
242
242
256
256
256
256
256
256
249
249
249
249
249
242
242
242
242
242
239
239
239
239
239
239
228
228
228
228
228
250
250
250
250
250
237
237
237
237
237
237
241
241
241
241
241
236
236
236
236
236
246
246
246
246
246
246
237
237
237
237
237
252
252
252
252
252
248
248
248
248
248
248
240
240
240
240
240
237
237
237
237
237
242
242
242
242
242
242
245
245
245
245
245
244
244
244
244
244
245
245
245
245
245
245
247
247
247
247
247
243
243
243
243
243
243
243
243
243
243
243
235
235
235
235
235
239
239
239
239
239
232
232
232
232
232
232
227
227
227
227
227
235
235
235
235
235
230
230
230
230
230
230
230
230
230
230
230
236
236
236
236
236
234
234
234
234
234
234
230
230
230
230
230
241
241
241
241
241
249
249
249
249
249
249
255
255
255
255
255
259
259
259
259
259
259
259
259
259
259
259
261
261
261
261
261
251
251
251
251
251
255
255
255
255
255
255
250
250
250
250
250
250
250
250
250
250
242
242
242
242
242
242
243
243
243
243
243
236
236
236
236
236
231
231
231
231
231
231
233
233
233
233
233
228
228
228
228
228
227
227
227
227
227
227
238
238
238
238
238
243
243
243
243
243
254
254
254
254
254
254
242
242
242
242
242
254
254
254
254
254
249
249
249
249
249
249
255
255
255
255
255
247
247
247
247
247
245
245
245
245
245
245
231
231
231
231
231
237
237
237
237
237
231
231
231
231
231
231
234
234
234
234
234
234
234
234
234
234
233
233
233
233
233
233
229
229
229
229
229
230
230
230
230
230
234
234
234
234
234
234
233
233
233
233
233
230
230
230
230
230
230
230
230
230
230
230
238
238
238
238
238
233
233
233
233
233
233
233
233
233
233
233
240
240
240
240
240
237
237
237
237
237
242
242
242
242
242
242
249
249
249
249
249
250
250
250
250
250
253
253
253
253
253
253
258
258
258
258
258
257
257
257
257
257
254
254
254
254
254
254
253
253
253
253
253
258
258
258
258
258
253
253
253
253
253
253
247
247
247
247
247
250
250
250
250
250
250
250
250
250
250
250
249
249
249
249
249
245
245
245
245
245
254
254
254
254
254
254
249
249
249
249
249
245
245
245
245
245
244
244
244
244
244
244
247
247
247
247
247
251
251
251
251
251
248
248
248
248
248
248
249
249
249
249
249
247
247
247
247
247
240
240
240
240
240
240
254
254
254
254
254
253
253
253
253
253
255
255
255
255
255
255
250
250
250
250
250
245
245
245
245
245
238
238
238
238
238
238
248
248
248
248
248
238
238
238
238
238
241
241
241
241
241
241
235
235
235
235
235
249
249
249
249
249
238
238
238
238
238
238
245
245
245
245
245
228
228
228
228
228
234
234
234
234
234
234
244
244
244
244
244
250
250
250
250
250
250
250
250
250
250
250
253
253
253
253
253
241
241
241
241
241
239
239
239
239
239
239
248
248
248
248
248
250
250
250
250
250
243
243
243
243
243
243
234
234
234
234
234
241
241
241
241
241
238
238
238
238
238
238
239
239
239
239
239
237
237
237
237
237
239
239
239
239
239
239
242
242
242
242
242
235
235
235
235
235
237
237
237
237
237
237
249
249
249
249
249
240
240
240
240
240
256
256
256
256
256
256
249
249
249
249
249
236
236
236
236
236
246
246
246
246
246
246
246
246
246
246
246
248
248
248
248
248
236
236
236
236
236
236
248
248
248
248
248
244
244
244
244
244
245
245
245
245
245
245
243
243
243
243
243
238
238
238
238
238
236
236
236
236
236
236
250
250
250
250
250
242
242
242
242
242
247
247
247
247
247
247
249
249
249
249
249
262
262
262
262
262
245
245
245
245
245
245
248
248
248
248
248
243
243
243
243
243
244
244
244
244
244
244
246
246
246
246
246
241
241
241
241
241
252
252
252
252
252
252
238
238
238
238
238
247
247
247
247
247
242
242
242
242
242
242
230
230
230
230
230
245
245
245
245
245
243
243
243
243
243
243
234
234
234
234
234
241
241
241
241
241
248
248
248
248
248
248
238
238
238
238
238
240
240
240
240
240
235
235
235
235
235
235
237
237
237
237
237
239
239
239
239
239
234
234
234
234
234
234
223
223
223
223
223
245
245
245
245
245
228
228
228
228
228
228
227
227
227
227
227
231
231
231
231
231
232
232
232
232
232
232
235
235
235
235
235
236
236
236
236
236
234
234
234
234
234
234
233
233
233
233
233
237
237
237
237
237
235
235
235
235
235
235
231
231
231
231
231
234
234
234
234
234
245
245
245
245
245
245
231
231
231
231
231
238
238
238
238
238
226
226
226
226
226
226
233
233
233
233
233
233
233
233
233
233
231
231
231
231
231
231
232
232
232
232
232
236
236
236
236
236
235
235
235
235
235
235
233
233
233
233
233
238
238
238
238
238
238
238
238
238
238
238
240
240
240
240
240
236
236
236
236
236
240
240
240
240
240
240
236
236
236
236
236
238
238
238
238
238
237
237
237
237
237
237
241
241
241
241
241
236
236
236
236
236
245
245
245
245
245
245
229
229
229
229
229
243
243
243
243
243
234
234
234
234
234
234
235
235
235
235
235
239
239
239
239
239
223
223
223
223
223
223
237
237
237
237
237
232
232
232
232
232
230
230
230
230
230
230
231
231
231
231
231
229
229
229
229
229
232
232
232
232
232
232
238
238
238
238
238
235
235
235
235
235
229
229
229
229
229
229
232
232
232
232
232
231
231
231
231
231
235
235
235
235
235
235
222
222
222
222
222
229
229
229
229
229
225
225
225
225
225
225
220
220
220
220
220
229
229
229
229
229
227
227
227
227
227
227
235
235
235
235
235
225
225
225
225
225
226
226
226
226
226
226
230
230
230
230
230
231
231
231
231
231
231
231
231
231
231
231
228
228
228
228
228
232
232
232
232
232
227
227
227
227
227
227
227
227
227
227
227
225
225
225
225
225
231
231
231
231
231
231
232
232
232
232
232
235
235
235
235
235
229
229
229
229
229
229
233
233
233
233
233
236
236
236
236
236
232
232
232
232
232
232
235
235
235
235
235
233
233
233
233
233
231
231
231
231
231
231
245
245
245
245
245
231
231
231
231
231
233
233
233
233
233
233
237
237
237
237
237
234
234
234
234
234
234
234
234
234
234
234
237
237
237
237
237
233
233
233
233
233
246
246
246
246
246
246
236
236
236
236
236
239
239
239
239
239
230
230
230
230
230
230
239
239
239
239
239
232
232
232
232
232
242
242
242
242
242
242
229
229
229
229
229
240
240
240
240
240
243
243
243
243
243
243
237
237
237
237
237
242
242
242
242
242
231
231
231
231
231
231
229
229
229
229
229
233
233
233
233
233
220
220
220
220
220
220
236
236
236
236
236
230
230
230
230
230
228
228
228
228
228
228
233
233
233
233
233
235
235
235
235
235
235
235
235
235
235
235
225
225
225
225
225
238
238
238
238
238
234
234
234
234
234
234
234
234
234
234
234
236
236
236
236
236
239
239
239
239
239
239
237
237
237
237
237
228
228
228
228
228
230
230
230
230
230
230
232
232
232
232
232
222
222
222
222
222
230
230
230
230
230
230
234
234
234
234
234
241
241
241
241
241
232
232
232
232
232
232
233
233
233
233
233
240
240
240
240
240
240
240
240
240
240
240
232
232
232
232
232
234
234
234
234
234
227
227
227
227
227
227
230
230
230
230
230
237
237
237
237
237
237
237
237
237
237
237
232
232
232
232
232
229
229
229
229
229
233
233
233
233
233
233
224
224
224
224
224
230
230
230
230
230
235
235
235
235
235
235
220
220
220
220
220
235
235
235
235
235
230
230
230
230
230
230
232
232
232
232
232
225
225
225
225
225
222
222
222
222
222
222
230
230
230
230
230
239
239
239
239
239
241
241
241
241
241
241
232
232
232
232
232
240
240
240
240
240
231
231
231
231
231
231
241
241
241
241
241
234
234
234
234
234
227
227
227
227
227
227
229
229
229
229
229
229
229
229
229
229
230
230
230
230
230
230
232
232
232
232
232
231
231
231
231
231
248
248
248
248
248
248
226
226
226
226
226
243
243
243
243
243
241
241
241
241
241
241
245
245
245
245
245
245
245
245
245
245
243
243
243
243
243
243
240
240
240
240
240
241
241
241
241
241
237
237
237
237
237
237
232
232
232
232
232
234
234
234
234
234
232
232
232
232
232
232
234
234
234
234
234
244
244
244
244
244
229
229
229
229
229
229
233
233
233
233
233
229
229
229