233
233
233
228
228
228
228
228
228
205
205
205
205
205
202
202
202
202
202
188
188
188
188
188
188
185
185
185
185
185
185
185
185
185
185
184
184
184
184
184
184
188
188
188
188
188
188
188
188
188
188
204
204
204
204
204
204
208
208
208
208
208
222
222
222
222
222
226
226
226
226
226
226
247
247
247
247
247
244
244
244
244
244
246
246
246
246
246
246
254
254
254
254
254
245
245
245
245
245
236
236
236
236
236
236
229
229
229
229
229
232
232
232
232
232
229
229
229
229
229
229
234
234
234
234
234
232
232
232
232
232
237
237
237
237
237
237
235
235
235
235
235
233
233
233
233
233
241
241
241
241
241
241
238
238
238
238
238
243
243
243
243
243
243
243
243
243
243
243
249
249
249
249
249
243
243
243
243
243
239
239
239
239
239
239
230
230
230
230
230
220
220
220
220
220
215
215
215
215
215
215
216
216
216
216
216
209
209
209
209
209
212
212
212
212
212
212
204
204
204
204
204
220
220
220
220
220
213
213
213
213
213
213
225
225
225
225
225
225
225
225
225
225
239
239
239
239
239
239
244
244
244
244
244
248
248
248
248
248
257
257
257
257
257
257
253
253
253
253
253
246
246
246
246
246
249
249
249
249
249
249
240
240
240
240
240
251
251
251
251
251
240
240
240
240
240
240
254
254
254
254
254
245
245
245
245
245
231
231
231
231
231
231
232
232
232
232
232
224
224
224
224
224
211
211
211
211
211
211
204
204
204
204
204
206
206
206
206
206
201
201
201
201
201
201
204
204
204
204
204
200
200
200
200
200
205
205
205
205
205
205
206
206
206
206
206
204
204
204
204
204
208
208
208
208
208
208
203
203
203
203
203
207
207
207
207
207
220
220
220
220
220
220
239
239
239
239
239
276
276
276
276
276
387
387
387
387
387
387
832
832
832
832
832
1436
1436
1436
1436
1436
1859
1859
1859
1859
1859
1859
1974
1974
1974
1974
1974
1686
1686
1686
1686
1686
1040
1040
1040
1040
1040
1040
384
384
384
384
384
234
234
234
234
234
200
200
200
200
200
200
189
189
189
189
189
181
181
181
181
181
174
174
174
174
174
174
174
174
174
174
174
175
175
175
175
175
174
174
174
174
174
174
176
176
176
176
176
178
178
178
178
178
192
192
192
192
192
192
199
199
199
199
199
238
238
238
238
238
548
548
548
548
548
548
1988
1988
1988
1988
1988
3539
3539
3539
3539
3539
4095
4095
4095
4095
4095
4095
4095
4095
4095
4095
4095
4095
4095
4095
4095
4095
4095
4095
4095
4095
4095
4095
3962
3962
3962
3962
3962
2928
2928
2928
2928
2928
1764
1764
1764
1764
1764
1764
755
755
755
755
755
310
310
310
310
310
237
237
237
237
237
237
223
223
223
223
223
213
213
213
213
213
208
208
208
208
208
208
211
211
211
211
211
215
215
215
215
215
210
210
210
210
210
210
234
234
234
234
234
229
229
229
229
229
238
238
238
238
238
238
231
231
231
231
231
230
230
230
230
230
222
222
222
222
222
222
208
208
208
208
208
203
203
203
203
203
202
202
202
202
202
202
205
205
205
205
205
192
192
192
192
192
195
195
195
195
195
195
201
201
201
201
201
212
212
212
212
212
236
236
236
236
236
236
295
295
295
295
295
487
487
487
487
487
846
846
846
846
846
846
1149
1149
1149
1149
1149
1127
1127
1127
1127
1127
933
933
933
933
933
933
531
531
531
531
531
328
328
328
328
328
258
258
258
258
258
258
225
225
225
225
225
209
209
209
209
209
204
204
204
204
204
204
205
205
205
205
205
193
193
193
193
193
199
199
199
199
199
199
203
203
203
203
203
213
213
213
213
213
236
236
236
236
236
236
270
270
270
270
270
380
380
380
380
380
570
570
570
570
570
570
730
730
730
730
730
702
702
702
702
702
581
581
581
581
581
581
442
442
442
442
442
344
344
344
344
344
301
301
301
301
301
301
283
283
283
283
283
289
289
289
289
289
295
295
295
295
295
295
294
294
294
294
294
328
328
328
328
328
332
332
332
332
332
332
352
352
352
352
352
346
346
346
346
346
342
342
342
342
342
342
333
333
333
333
333
318
318
318
318
318
310
310
310
310
310
310
315
315
315
315
315
291
291
291
291
291
282
282
282
282
282
282
269
269
269
269
269
250
250
250
250
250
248
248
248
248
248
248
232
232
232
232
232
229
229
229
229
229
230
230
230
230
230
230
228
228
228
228
228
241
241
241
241
241
256
256
256
256
256
256
287
287
287
287
287
344
344
344
344
344
446
446
446
446
446
446
489
489
489
489
489
454
454
454
454
454
368
368
368
368
368
368
288
288
288
288
288
258
258
258
258
258
224
224
224
224
224
224
207
207
207
207
207
217
217
217
217
217
218
218
218
218
218
218
225
225
225
225
225
236
236
236
236
236
258
258
258
258
258
258
300
300
300
300
300
371
371
371
371
371
482
482
482
482
482
482
633
633
633
633
633
735
735
735
735
735
825
825
825
825
825
825
862
862
862
862
862
865
865
865
865
865
798
798
798
798
798
798
694
694
694
694
694
608
608
608
608
608
489
489
489
489
489
489
398
398
398
398
398
345
345
345
345
345
332
332
332
332
332
332
308
308
308
308
308
300
300
300
300
300
305
305
305
305
305
305
334
334
334
334
334
351
351
351
351
351
356
356
356
356
356
356
419
419
419
419
419
469
469
469
469
469
520
520
520
520
520
520
494
494
494
494
494
441
441
441
441
441
351
351
351
351
351
351
309
309
309
309
309
267
267
267
267
267
249
249
249
249
249
249
237
237
237
237
237
224
224
224
224
224
227
227
227
227
227
227
220
220
220
220
220
230
230
230
230
230
242
242
242
242
242
242
256
256
256
256
256
292
292
292
292
292
325
325
325
325
325
325
389
389
389
389
389
444
444
444
444
444
498
498
498
498
498
498
500
500
500
500
500
477
477
477
477
477
435
435
435
435
435
435
388
388
388
388
388
354
354
354
354
354
299
299
299
299
299
299
308
308
308
308
308
285
285
285
285
285
279
279
279
279
279
279
268
268
268
268
268
273
273
273
273
273
272
272
272
272
272
272
275
275
275
275
275
280
280
280
280
280
311
311
311
311
311
311
329
329
329
329
329
337
337
337
337
337
381
381
381
381
381
381
383
383
383
383
383
425
425
425
425
425
396
396
396
396
396
396
411
411
411
411
411
395
395
395
395
395
391
391
391
391
391
391
352
352
352
352
352
339
339
339
339
339
313
313
313
313
313
313
292
292
292
292
292
270
270
270
270
270
249
249
249
249
249
249
248
248
248
248
248
242
242
242
242
242
238
238
238
238
238
238
248
248
248
248
248
245
245
245
245
245
252
252
252
252
252
252
265
265
265
265
265
283
283
283
283
283
291
291
291
291
291
291
283
283
283
283
283
274
274
274
274
274
282
282
282
282
282
282
263
263
263
263
263
259
259
259
259
259
257
257
257
257
257
257
260
260
260
260
260
253
253
253
253
253
263
263
263
263
263
263
272
272
272
272
272
301
301
301
301
301
308
308
308
308
308
308
331
331
331
331
331
320
320
320
320
320
329
329
329
329
329
329
307
307
307
307
307
287
287
287
287
287
284
284
284
284
284
284
270
270
270
270
270
271
271
271
271
271
275
275
275
275
275
275
289
289
289
289
289
311
311
311
311
311
320
320
320
320
320
320
347
347
347
347
347
351
351
351
351
351
362
362
362
362
362
362
347
347
347
347
347
336
336
336
336
336
315
315
315
315
315
315
308
308
308
308
308
287
287
287
287
287
278
278
278
278
278
278
279
279
279
279
279
270
270
270
270
270
275
275
275
275
275
275
267
267
267
267
267
271
271
271
271
271
274
274
274
274
274
274
261
261
261
261
261
258
258
258
258
258
260
260
260
260
260
260
261
261
261
261
261
273
273
273
273
273
278
278
278
278
278
278
284
284
284
284
284
315
315
315
315
315
310
310
310
310
310
310
313
313
313
313
313
305
305
305
305
305
307
307
307
307
307
307
294
294
294
294
294
278
278
278
278
278
278
278
278
278
278
278
256
256
256
256
256
268
268
268
268
268
249
249
249
249
249
249
259
259
259
259
259
254
254
254
254
254
257
257
257
257
257
257
269
269
269
269
269
256
256
256
256
256
260
260
260
260
260
260
256
256
256
256
256
265
265
265
265
265
260
260
260
260
260
260
269
269
269
269
269
269
269
269
269
269
279
279
279
279
279
279
294
294
294
294
294
302
302
302
302
302
307
307
307
307
307
307
326
326
326
326
326
334
334
334
334
334
317
317
317
317
317
317
311
311
311
311
311
288
288
288
288
288
286
286
286
286
286
286
264
264
264
264
264
241
241
241
241
241
247
247
247
247
247
247
246
246
246
246
246
245
245
245
245
245
244
244
244
244
244
244
254
254
254
254
254
283
283
283
283
283
299
299
299
299
299
299
324
324
324
324
324
328
328
328
328
328
343
343
343
343
343
343
345
345
345
345
345
333
333
333
333
333
301
301
301
301
301
301
298
298
298
298
298
287
287
287
287
287
283
283
283
283
283
283
283
283
283
283
283
281
281
281
281
281
286
286
286
286
286
286
304
304
304
304
304
318
318
318
318
318
310
310
310
310
310
310
311
311
311
311
311
284
284
284
284
284
280
280
280
280
280
280
266
266
266
266
266
246
246
246
246
246
235
235
235
235
235
235
240
240
240
240
240
241
241
241
241
241
243
243
243
243
243
243
246
246
246
246
246
254
254
254
254
254
260
260
260
260
260
260
266
266
266
266
266
277
277
277
277
277
278
278
278
278
278
278
274
274
274
274
274
266
266
266
266
266
263
263
263
263
263
263
266
266
266
266
266
259
259
259
259
259
253
253
253
253
253
253
257
257
257
257
257
259
259
259
259
259
261
261
261
261
261
261
263
263
263
263
263
265
265
265
265
265
272
272
272
272
272
272
290
290
290
290
290
290
290
290
290
290
283
283
283
283
283
283
291
291
291
291
291
296
296
296
296
296
294
294
294
294
294
294
293
293
293
293
293
302
302
302
302
302
302
302
302
302
302
302
317
317
317
317
317
315
315
315
315
315
304
304
304
304
304
304
290
290
290
290
290
264
264
264
264
264
257
257
257
257
257
257
250
250
250
250
250
246
246
246
246
246
233
233
233
233
233
233
243
243
243
243
243
241
241
241
241
241
249
249
249
249
249
249
262
262
262
262
262
277
277
277
277
277
301
301
301
301
301
301
319
319
319
319
319
318
318
318
318
318
311
311
311
311
311
311
290
290
290
290
290
255
255
255
255
255
255
255
255
255
255
255
246
246
246
246
246
238
238
238
238
238
240
240
240
240
240
240
233
233
233
233
233
246
246
246
246
246
242
242
242
242
242
242
254
254
254
254
254
260
260
260
260
260
269
269
269
269
269
269
271
271
271
271
271
264
264
264
264
264
260
260
260
260
260
260
259
259
259
259
259
244
244
244
244
244
226
226
226
226
226
226
219
219
219
219
219
221
221
221
221
221
220
220
220
220
220
220
223
223
223
223
223
218
218
218
218
218
231
231
231
231
231
231
232
232
232
232
232
249
249
249
249
249
248
248
248
248
248
248
260
260
260
260
260
259
259
259
259
259
258
258
258
258
258
258
260
260
260
260
260
245
245
245
245
245
239
239
239
239
239
239
226
226
226
226
226
225
225
225
225
225
221
221
221
221
221
221
220
220
220
220
220
223
223
223
223
223
222
222
222
222
222
222
228
228
228
228
228
234
234
234
234
234
239
239
239
239
239
239
244
244
244
244
244
253
253
253
253
253
253
253
253
253
253
253
251
251
251
251
251
246
246
246
246
246
255
255
255
255
255
255
249
249
249
249
249
248
248
248
248
248
241
241
241
241
241
241
244
244
244
244
244
235
235
235
235
235
236
236
236
236
236
236
233
233
233
233
233
236
236
236
236
236
234
234
234
234
234
234
241
241
241
241
241
238
238
238
238
238
239
239
239
239
239
239
238
238
238
238
238
245
245
245
245
245
243
243
243
243
243
243
241
241
241
241
241
249
249
249
249
249
249
249
249
249
249
249
260
260
260
260
260
272
272
272
272
272
251
251
251
251
251
251
269
269
269
269
269
255
255
255
255
255
255
255
255
255
255
255
256
256
256
256
256
261
261
261
261
261
264
264
264
264
264
264
251
251
251
251
251
262
262
262
262
262
275
275
275
275
275
275
291
291
291
291
291
300
300
300
300
300
321
321
321
321
321
321
335
335
335
335
335
340
340
340
340
340
341
341
341
341
341
341
328
328
328
328
328
324
324
324
324
324
294
294
294
294
294
294
282
282
282
282
282
272
272
272
272
272
261
261
261
261
261
261
247
247
247
247
247
248
248
248
248
248
246
246
246
246
246
246
256
256
256
256
256
256
256
256
256
256
267
267
267
267
267
267
276
276
276
276
276
288
288
288
288
288
289
289
289
289
289
289
284
284
284
284
284
275
275
275
275
275
288
288
288
288
288
288
274
274
274
274
274
282
282
282
282
282
259
259
259
259
259
259
277
277
277
277
277
282
282
282
282
282
274
274
274
274
274
274
285
285
285
285
285
279
279
279
279
279
283
283
283
283
283
283
302
302
302
302
302
302
302
302
302
302
316
316
316
316
316
316
331
331
331
331
331
344
344
344
344
344
343
343
343
343
343
343
341
341
341
341
341
331
331
331
331
331
321
321
321
321
321
321
307
307
307
307
307
296
296
296
296
296
293
293
293
293
293
293
287
287
287
287
287
284
284
284
284
284
297
297
297
297
297
297
300
300
300
300
300
290
290
290
290
290
295
295
295
295
295
295
301
301
301
301
301
299
299
299
299
299
302
302
302
302
302
302
286
286
286
286
286
289
289
289
289
289
284
284
284
284
284
284
278
278
278
278
278
284
284
284
284
284
284
284
284
284
284
284
293
293
293
293
293
284
284
284
284
284
297
297
297
297
297
297
286
286
286
286
286
284
284
284
284
284
271
271
271
271
271
271
250
250
250
250
250
252
252
252
252
252
249
249
249
249
249
249
242
242
242
242
242
247
247
247
247
247
243
243
243
243
243
243
244
244
244
244
244
252
252
252
252
252
257
257
257
257
257
257
279
279
279
279
279
279
279
279
279
279
273
273
273
273
273
273
274
274
274
274
274
273
273
273
273
273
262
262
262
262
262
262
263
263
263
263
263
259
259
259
259
259
251
251
251
251
251
251
243
243
243
243
243
244
244
244
244
244
247
247
247
247
247
247
249
249
249
249
249
247
247
247
247
247
249
249
249
249
249
249
245
245
245
245
245
252
252
252
252
252
253
253
253
253
253
253
251
251
251
251
251
255
255
255
255
255
244
244
244
244
244
244
249
249
249
249
249
247
247
247
247
247
242
242
242
242
242
242
252
252
252
252
252
248
248
248
248
248
252
252
252
252
252
252
257
257
257
257
257
253
253
253
253
253
252
252
252
252
252
252
254
254
254
254
254
257
257
257
257
257
259
259
259
259
259
259
261
261
261
261
261
255
255
255
255
255
260
260
260
260
260
260
254
254
254
254
254
246
246
246
246
246
253
253
253
253
253
253
246
246
246
246
246
241
241
241
241
241
246
246
246
246
246
246
246
246
246
246
246
240
240
240
240
240
244
244
244
244
244
244
244
244
244
244
244
250
250
250
250
250
253
253
253
253
253
253
255
255
255
255
255
262
262
262
262
262
260
260
260
260
260
260
262
262
262
262
262
257
257
257
257
257
254
254
254
254
254
254
255
255
255
255
255
250
250
250
250
250
243
243
243
243
243
243
244
244
244
244
244
243
243
243
243
243
239
239
239
239
239
239
237
237
237
237
237
239
239
239
239
239
245
245
245
245
245
245
246
246
246
246
246
242
242
242
242
242
241
241
241
241
241
241
244
244
244
244
244
247
247
247
247
247
245
245
245
245
245
245
249
249
249
249
249
251
251
251
251
251
244
244
244
244
244
244
251
251
251
251
251
251
251
251
251
251
246
246
246
246
246
246
247
247
247
247
247
247
247
247
247
247
237
237
237
237
237
237
239
239
239
239
239
237
237
237
237
237
235
235
235
235
235
235
243
243
243
243
243
237
237
237
237
237
232
232
232
232
232
232
233
233
233
233
233
233
233
233
233
233
232
232
232
232
232
232
241
241
241
241
241
238
238
238
238
238
244
244
244
244
244
244
244
244
244
244
244
244
244
244
244
244
257
257
257
257
257
257
249
249
249
249
249
256
256
256
256
256
248
248
248
248
248
248
251
251
251
251
251
250
250
250
250
250
254
254
254
254
254
254
250
250
250
250
250
270
270
270
270
270
250
250
250
250
250
250
255
255
255
255
255
245
245
245
245
245
250
250
250
250
250
250
242
242
242
242
242
239
239
239
239
239
241
241
241
241
241
241
233
233
233
233
233
239
239
239
239
239
242
242
242
242
242
242
238
238
238
238
238
248
248
248
248
248
251
251
251
251
251
251
255
255
255
255
255
257
257
257
257
257
252
252
252
252
252
252
254
254
254
254
254
261
261
261
261
261
245
245
245
245
245
245
242
242
242
242
242
235
235
235
235
235
235
235
235
235
235
235
229
229
229
229
229
228
228
228
228
228
232
232
232
232
232
232
233
233
233
233
233
231
231
231
231
231
234
234
234
234
234
234
243
243
243
243
243
249
249
249
249
249
257
257
257
257
257
257
262
262
262
262
262
270
270
270
270
270
268
268
268
268
268
268
260
260
260
260
260
258
258
258
258
258
260
260
260
260
260
260
253
253
253
253
253
249
249
249
249
249
246
246
246
246
246
246
244
244
244
244
244
241
241
241
241
241
233
233
233
233
233
233
242
242
242
242
242
233
233
233
233
233
225
225
225
225
225
225
229
229
229
229
229
232
232
232
232
232
241
241
241
241
241
241
248
248
248
248
248
250
250
250
250
250
252
252
252
252
252
252
262
262
262
262
262
263
263
263
263
263
281
281
281
281
281
281
294
294
294
294
294
310
310
310
310
310
292
292
292
292
292
292
287
287
287
287
287
274
274
274
274
274
274
274
274
274
274
274
260
260
260
260
260
250
250
250
250
250
245
245
245
245
245
245
239
239
239
239
239
234
234
234
234
234
237
237
237
237
237
237
241
241
241
241
241
234
234
234
234
234
252
252
252
252
252
252
242
242
242
242
242
246
246
246
246
246
252
252
252
252
252
252
256
256
256
256
256
256
256
256
256
256
264
264
264
264
264
264
264
264
264
264
264
266
266
266
266
266
257
257
257
257
257
257
269
269
269
269
269
270
270
270
270
270
270
270
270
270
270
270
260
260
260
260
260
258
258
258
258
258
252
252
252
252
252
252
258
258
258
258
258
249
249
249
249
249
242
242
242
242
242
242
248
248
248
248
248
247
247
247
247
247
255
255
255
255
255
255
242
242
242
242
242
252
252
252
252
252
252
252
252
252
252
252
252
252
252
252
252
260
260
260
260
260
275
275
275
275
275
275
262
262
262
262
262
277
277
277
277
277
270
270
270
270
270
270
266
266
266
266
266
270
270
270
270
270
259
259
259
259
259
259
262
262
262
262
262
267
267
267
267
267
265
265
265
265
265
265
267
267
267
267
267
268
268
268
268
268
286
286
286
286
286
286
280
280
280
280
280
277
277
277
277
277
285
285
285
285
285
285
279
279
279
279
279
264
264
264
264
264
251
251
251
251
251
251
252
252
252
252
252
249
249
249
249
249
246
246
246
246
246
246
241
241
241
241
241
250
250
250
250
250
248
248
248
248
248
248
247
247
247
247
247
247
247
247
247
247
250
250
250
250
250
250
251
251
251
251
251
259
259
259
259
259
262
262
262
262
262
262
263
263
263
263
263
260
260
260
260
260
256
256
256
256
256
256
265
265
265
265
265
254
254
254
254
254
254
254
254
254
254
254
270
270
270
270
270
263
263
263
263
263
269
269
269
269
269
269
262
262
262
262
262
260
260
260
260
260
261
261
261
261
261
261
259
259
259
259
259
248
248
248
248
248
261
261
261
261
261
261
258
258
258
258
258
260
260
260
260
260
253
253
253
253
253
253
249
249
249
249
249
247
247
247
247
247
241
241
241
241
241
241
240
240
240
240
240
245
245
245
245
245
242
242
242
242
242
242
241
241
241
241
241
244
244
244
244
244
247
247
247
247
247
247
248
248
248
248
248
248
248
248
248
248
256
256
256
256
256
256
256
256
256
256
256
265
265
265
265
265
263
263
263
263
263
263
259
259
259
259
259
259
259
259
259
259
255
255
255
255
255
255
254
254
254
254
254
257
257
257
257
257
261
261
261
261
261
261
247
247
247
247
247
243
243
243
243
243
245
245
245
245
245
245
234
234
234
234
234
245
245
245
245
245
244
244
244
244
244
244
248
248
248
248
248
247
247
247
247
247
239
239
239
239
239
239
243
243
243
243
243
247
247
247
247
247
253
253
253
253
253
253
249
249
249
249
249
240
240
240
240
240
244
244
244
244
244
244
239
239
239
239
239
243
243
243
243
243
245
245
245
245
245
245
244
244
244
244
244
233
233
233
233
233
246
246
246
246
246
246
242
242
242
242
242
251
251
251
251
251
236
236
236
236
236
236
241
241
241
241
241
237
237
237
237
237
249
249
249
249
249
249
252
252
252
252
252
252
252
252
252
252
249
249
249
249
249
249
256
256
256
256
256
244
244
244
244
244
250
250
250
250
250
250
238
238
238
238
238
246
246
246
246
246
244
244
244
244
244
244
241
241
241
241
241
235
235
235
235
235
236
236
236
236
236
236
232
232
232
232
232
232
232
232
232
232
233
233
233
233
233
233
235
235
235
235
235
243
243
243
243
243
239
239
239
239
239
239
243
243
243
243
243
248
248
248
248
248
251
251
251
251
251
251
252
252
252
252
252
257
257
257
257
257
257
257
257
257
257
257
253
253
253
253
253
257
257
257
257
257
250
250
250
250
250
250
251
251
251
251
251
243
243
243
243
243
241
241
241
241
241
241
236
236
236
236
236
224
224
224
224
224
231
231
231
231
231
231
225
225
225
225
225
229
229
229
229
229
233
233
233
233
233
233
231
231
231
231
231
235
235
235
235
235
244
244
244
244
244
244
241
241
241
241
241
246
246
246
246
246
244
244
244
244
244
244
251
251
251
251
251
249
249
249
249
249
248
248
248
248
248
248
251
251
251
251
251
247
247
247
247
247
263
263
263
263
263
263
252
252
252
252
252
252
252
252
252
252
247
247
247
247
247
247
249
249
249
249
249
242
242
242
242
242
248
248
248
248
248
248
237
237
237
237
237
242
242
242
242
242
246
246
246
246