216
216
216
216
216
211
211
211
211
211
217
217
217
217
217
220
220
220
220
220
220
222
222
222
222
222
212
212
212
212
212
218
218
218
218
218
218
213
213
213
213
213
220
220
220
220
220
216
216
216
216
216
216
216
216
216
216
216
219
219
219
219
219
214
214
214
214
214
214
215
215
215
215
215
219
219
219
219
219
216
216
216
216
216
216
220
220
220
220
220
217
217
217
217
217
223
223
223
223
223
223
217
217
217
217
217
214
214
214
214
214
214
214
214
214
214
214
220
220
220
220
220
219
219
219
219
219
214
214
214
214
214
214
213
213
213
213
213
212
212
212
212
212
212
212
212
212
212
212
205
205
205
205
205
222
222
222
222
222
213
213
213
213
213
213
219
219
219
219
219
216
216
216
216
216
213
213
213
213
213
213
216
216
216
216
216
213
213
213
213
213
215
215
215
215
215
215
212
212
212
212
212
219
219
219
219
219
217
217
217
217
217
217
219
219
219
219
219
224
224
224
224
224
218
218
218
218
218
218
223
223
223
223
223
211
211
211
211
211
211
211
211
211
211
211
214
214
214
214
214
216
216
216
216
216
216
216
216
216
216
216
217
217
217
217
217
215
215
215
215
215
212
212
212
212
212
212
214
214
214
214
214
207
207
207
207
207
212
212
212
212
212
212
219
219
219
219
219
216
216
216
216
216
221
221
221
221
221
221
216
216
216
216
216
220
220
220
220
220
211
211
211
211
211
211
215
215
215
215
215
211
211
211
211
211
216
216
216
216
216
216
212
212
212
212
212
211
211
211
211
211
216
216
216
216
216
216
214
214
214
214
214
214
214
214
214
214
217
217
217
217
217
217
211
211
211
211
211
218
218
218
218
218
215
215
215
215
215
215
213
213
213
213
213
220
220
220
220
220
214
214
214
214
214
214
217
217
217
217
217
207
207
207
207
207
215
215
215
215
215
215
215
215
215
215
215
212
212
212
212
212
212
212
212
212
212
212
213
213
213
213
213
212
212
212
212
212
215
215
215
215
215
215
219
219
219
219
219
219
219
219
219
219
213
213
213
213
213
213
218
218
218
218
218
214
214
214
214
214
216
216
216
216
216
216
214
214
214
214
214
215
215
215
215
215
219
219
219
219
219
219
213
213
213
213
213
218
218
218
218
218
214
214
214
214
214
214
209
209
209
209
209
214
214
214
214
214
216
216
216
216
216
216
216
216
216
216
216
213
213
213
213
213
216
216
216
216
216
216
218
218
218
218
218
213
213
213
213
213
218
218
218
218
218
218
215
215
215
215
215
216
216
216
216
216
209
209
209
209
209
209
207
207
207
207
207
216
216
216
216
216
218
218
218
218
218
218
214
214
214
214
214
214
214
214
214
214
209
209
209
209
209
209
213
213
213
213
213
212
212
212
212
212
210
210
210
210
210
210
214
214
214
214
214
212
212
212
212
212
214
214
214
214
214
214
216
216
216
216
216
213
213
213
213
213
212
212
212
212
212
212
211
211
211
211
211
206
206
206
206
206
215
215
215
215
215
215
212
212
212
212
212
214
214
214
214
214
218
218
218
218
218
218
213
213
213
213
213
220
220
220
220
220
213
213
213
213
213
213
213
213
213
213
213
209
209
209
209
209
210
210
210
210
210
210
217
217
217
217
217
211
211
211
211
211
209
209
209
209
209
209
208
208
208
208
208
213
213
213
213
213
209
209
209
209
209
209
212
212
212
212
212
209
209
209
209
209
212
212
212
212
212
212
210
210
210
210
210
214
214
214
214
214
212
212
212
212
212
212
210
210
210
210
210
211
211
211
211
211
208
208
208
208
208
208
211
211
211
211
211
214
214
214
214
214
217
217
217
217
217
217
215
215
215
215
215
209
209
209
209
209
204
204
204
204
204
204
206
206
206
206
206
207
207
207
207
207
209
209
209
209
209
209
211
211
211
211
211
215
215
215
215
215
211
211
211
211
211
211
208
208
208
208
208
209
209
209
209
209
213
213
213
213
213
213
209
209
209
209
209
209
209
209
209
209
204
204
204
204
204
204
212
212
212
212
212
212
212
212
212
212
216
216
216
216
216
216
210
210
210
210
210
208
208
208
208
208
211
211
211
211
211
211
210
210
210
210
210
205
205
205
205
205
210
210
210
210
210
210
214
214
214
214
214
212
212
212
212
212
212
212
212
212
212
212
209
209
209
209
209
205
205
205
205
205
217
217
217
217
217
217
207
207
207
207
207
210
210
210
210
210
208
208
208
208
208
208
213
213
213
213
213
212
212
212
212
212
206
206
206
206
206
206
211
211
211
211
211
206
206
206
206
206
213
213
213
213
213
213
206
206
206
206
206
210
210
210
210
210
206
206
206
206
206
206
217
217
217
217
217
210
210
210
210
210
208
208
208
208
208
208
208
208
208
208
208
203
203
203
203
203
212
212
212
212
212
212
205
205
205
205
205
204
204
204
204
204
209
209
209
209
209
209
207
207
207
207
207
205
205
205
205
205
215
215
215
215
215
215
206
206
206
206
206
206
206
206
206
206
213
213
213
213
213
213
206
206
206
206
206
214
214
214
214
214
207
207
207
207
207
207
210
210
210
210
210
208
208
208
208
208
211
211
211
211
211
211
206
206
206
206
206
210
210
210
210
210
205
205
205
205
205
205
210
210
210
210
210
211
211
211
211
211
206
206
206
206
206
206
207
207
207
207
207
202
202
202
202
202
202
202
202
202
202
202
210
210
210
210
210
212
212
212
212
212
210
210
210
210
210
210
206
206
206
206
206
207
207
207
207
207
212
212
212
212
212
212
203
203
203
203
203
209
209
209
209
209
206
206
206
206
206
206
205
205
205
205
205
209
209
209
209
209
206
206
206
206
206
206
208
208
208
208
208
208
208
208
208
208
203
203
203
203
203
203
208
208
208
208
208
202
202
202
202
202
208
208
208
208
208
208
207
207
207
207
207
200
200
200
200
200
199
199
199
199
199
199
207
207
207
207
207
203
203
203
203
203
209
209
209
209
209
209
207
207
207
207
207
203
203
203
203
203
200
200
200
200
200
200
202
202
202
202
202
198
198
198
198
198
203
203
203
203
203
203
194
194
194
194
194
202
202
202
202
202
200
200
200
200
200
200
205
205
205
205
205
203
203
203
203
203
199
199
199
199
199
199
203
203
203
203
203
205
205
205
205
205
201
201
201
201
201
201
197
197
197
197
197
201
201
201
201
201
189
189
189
189
189
189
201
201
201
201
201
199
199
199
199
199
208
208
208
208
208
208
215
215
215
215
215
218
218
218
218
218
221
221
221
221
221
221
228
228
228
228
228
219
219
219
219
219
219
219
219
219
219
219
216
216
216
216
216
204
204
204
204
204
199
199
199
199
199
199
193
193
193
193
193
187
187
187
187
187
192
192
192
192
192
192
195
195
195
195
195
189
189
189
189
189
195
195
195
195
195
195
197
197
197
197
197
199
199
199
199
199
210
210
210
210
210
210
212
212
212
212
212
220
220
220
220
220
212
212
212
212
212
212
215
215
215
215
215
205
205
205
205
205
198
198
198
198
198
198
195
195
195
195
195
193
193
193
193
193
194
194
194
194
194
194
195
195
195
195
195
199
199
199
199
199
202
202
202
202
202
202
197
197
197
197
197
200
200
200
200
200
209
209
209
209
209
209
205
205
205
205
205
205
205
205
205
205
205
205
205
205
205
205
206
206
206
206
206
199
199
199
199
199
203
203
203
203
203
203
199
199
199
199
199
202
202
202
202
202
196
196
196
196
196
196
199
199
199
199
199
195
195
195
195
195
199
199
199
199
199
199
189
189
189
189
189
195
195
195
195
195
192
192
192
192
192
192
186
186
186
186
186
191
191
191
191
191
186
186
186
186
186
186
185
185
185
185
185
184
184
184
184
184
184
184
184
184
184
184
183
183
183
183
183
186
186
186
186
186
182
182
182
182
182
182
192
192
192
192
192
194
194
194
194
194
200
200
200
200
200
200
216
216
216
216
216
216
216
216
216
216
240
240
240
240
240
240
247
247
247
247
247
263
263
263
263
263
249
249
249
249
249
249
227
227
227
227
227
210
210
210
210
210
195
195
195
195
195
195
186
186
186
186
186
176
176
176
176
176
178
178
178
178
178
178
176
176
176
176
176
177
177
177
177
177
179
179
179
179
179
179
190
190
190
190
190
208
208
208
208
208
253
253
253
253
253
253
662
662
662
662
662
1907
1907
1907
1907
1907
3121
3121
3121
3121
3121
3121
3745
3745
3745
3745
3745
3800
3800
3800
3800
3800
3374
3374
3374
3374
3374
3374
2554
2554
2554
2554
2554
1612
1612
1612
1612
1612
685
685
685
685
685
685
310
310
310
310
310
242
242
242
242
242
225
225
225
225
225
225
216
216
216
216
216
220
220
220
220
220
234
234
234
234
234
234
249
249
249
249
249
282
282
282
282
282
336
336
336
336
336
336
422
422
422
422
422
382
382
382
382
382
296
296
296
296
296
296
250
250
250
250
250
222
222
222
222
222
206
206
206
206
206
206
199
199
199
199
199
192
192
192
192
192
189
189
189
189
189
189
190
190
190
190
190
189
189
189
189
189
188
188
188
188
188
188
195
195
195
195
195
199
199
199
199
199
202
202
202
202
202
202
203
203
203
203
203
217
217
217
217
217
222
222
222
222
222
222
237
237
237
237
237
242
242
242
242
242
244
244
244
244
244
244
237
237
237
237
237
224
224
224
224
224
220
220
220
220
220
220
201
201
201
201
201
195
195
195
195
195
192
192
192
192
192
192
189
189
189
189
189
187
187
187
187
187
185
185
185
185
185
185
189
189
189
189
189
195
195
195
195
195
209
209
209
209
209
209
221
221
221
221
221
251
251
251
251
251
299
299
299
299
299
299
373
373
373
373
373
408
408
408
408
408
432
432
432
432
432
432
404
404
404
404
404
412
412
412
412
412
370
370
370
370
370
370
328
328
328
328
328
321
321
321
321
321
329
329
329
329
329
329
338
338
338
338
338
356
356
356
356
356
362
362
362
362
362
362
331
331
331
331
331
324
324
324
324
324
309
309
309
309
309
309
290
290
290
290
290
253
253
253
253
253
241
241
241
241
241
241
228
228
228
228
228
224
224
224
224
224
216
216
216
216
216
216
213
213
213
213
213
212
212
212
212
212
206
206
206
206
206
206
212
212
212
212
212
209
209
209
209
209
216
216
216
216
216
216
218
218
218
218
218
213
213
213
213
213
211
211
211
211
211
211
213
213
213
213
213
214
214
214
214
214
205
205
205
205
205
205
200
200
200
200
200
199
199
199
199
199
189
189
189
189
189
189
192
192
192
192
192
188
188
188
188
188
190
190
190
190
190
190
186
186
186
186
186
192
192
192
192
192
201
201
201
201
201
201
198
198
198
198
198
205
205
205
205
205
205
205
205
205
205
205
199
199
199
199
199
210
210
210
210
210
207
207
207
207
207
207
211
211
211
211
211
217
217
217
217
217
211
211
211
211
211
211
225
225
225
225
225
223
223
223
223
223
224
224
224
224
224
224
230
230
230
230
230
228
228
228
228
228
227
227
227
227
227
227
223
223
223
223
223
216
216
216
216
216
215
215
215
215
215
215
209
209
209
209
209
204
204
204
204
204
205
205
205
205
205
205
211
211
211
211
211
203
203
203
203
203
214
214
214
214
214
214
213
213
213
213
213
215
215
215
215
215
222
222
222
222
222
222
217
217
217
217
217
224
224
224
224
224
224
224
224
224
224
224
223
223
223
223
223
225
225
225
225
225
218
218
218
218
218
218
211
211
211
211
211
218
218
218
218
218
219
219
219
219
219
219
222
222
222
222
222
233
233
233
233
233
226
226
226
226
226
226
233
233
233
233
233
228
228
228
228
228
221
221
221
221
221
221
224
224
224
224
224
208
208
208
208
208
205
205
205
205
205
205
195
195
195
195
195
196
196
196
196
196
200
200
200
200
200
200
202
202
202
202
202
207
207
207
207
207
208
208
208
208
208
208
210
210
210
210
210
218
218
218
218
218
214
214
214
214
214
214
228
228
228
228
228
217
217
217
217
217
216
216
216
216
216
216
209
209
209
209
209
202
202
202
202
202
195
195
195
195
195
195
198
198
198
198
198
191
191
191
191
191
191
191
191
191
191
191
195
195
195
195
195
192
192
192
192
192
200
200
200
200
200
200
201
201
201
201
201
210
210
210
210
210
214
214
214
214
214
214
217
217
217
217
217
216
216
216
216
216
221
221
221
221
221
221
221
221
221
221
221
226
226
226
226
226
228
228
228
228
228
228
231
231
231
231
231
226
226
226
226
226
232
232
232
232
232
232
225
225
225
225
225
219
219
219
219
219
214
214
214
214
214
214
208
208
208
208
208
206
206
206
206
206
199
199
199
199
199
199
205
205
205
205
205
199
199
199
199
199
206
206
206
206
206
206
213
213
213
213
213
215
215
215
215
215
219
219
219
219
219
219
227
227
227
227
227
242
242
242
242
242
247
247
247
247
247
247
249
249
249
249
249
246
246
246
246
246
236
236
236
236
236
236
237
237
237
237
237
215
215
215
215
215
215
215
215
215
215
215
211
211
211
211
211
211
211
211
211
211
210
210
210
210
210
210
203
203
203
203
203
211
211
211
211
211
209
209
209
209
209
209
211
211
211
211
211
227
227
227
227
227
220
220
220
220
220
220
227
227
227
227
227
223
223
223
223
223
228
228
228
228
228
228
222
222
222
222
222
222
222
222
222
222
214
214
214
214
214
214
212
212
212
212
212
206
206
206
206
206
198
198
198
198
198
198
203
203
203
203
203
210
210
210
210
210
203
203
203
203
203
203
212
212
212
212
212
208
208
208
208
208
213
213
213
213
213
213
214
214
214
214
214
216
216
216
216
216
217
217
217
217
217
217
216
216
216
216
216
225
225
225
225
225
226
226
226
226
226
226
225
225
225
225
225
221
221
221
221
221
222
222
222
222
222
222
222
222
222
222
222
226
226
226
226
226
217
217
217
217
217
217
218
218
218
218
218
220
220
220
220
220
220
220
220
220
220
220
226
226
226
226
226
229
229
229
229
229
226
226
226
226
226
226
229
229
229
229
229
235
235
235
235
235
227
227
227
227
227
227
225
225
225
225
225
226
226
226
226
226
217
217
217
217
217
217
216
216
216
216
216
216
216
216
216
216
212
212
212
212
212
212
211
211
211
211
211
209
209
209
209
209
207
207
207
207
207
207
209
209
209
209
209
220
220
220
220
220
212
212
212
212
212
212
225
225
225
225
225
223
223
223
223
223
223
223
223
223
223
223
219
219
219
219
219
226
226
226
226
226
218
218
218
218
218
218
222
222
222
222
222
220
220
220
220
220
215
215
215
215
215
215
207
207
207
207
207
213
213
213
213
213
215
215
215
215
215
215
203
203
203
203
203
210
210
210
210
210
208
208
208
208
208
208
209
209
209
209
209
214
214
214
214
214
212
212
212
212
212
212
214
214
214
214
214
222
222
222
222
222
221
221
221
221
221
221
221
221
221
221
221
227
227
227
227
227
223
223
223
223
223
223
225
225
225
225
225
225
225
225
225
225
216
216
216
216
216
216
216
216
216
216
216
210
210
210
210
210
207
207
207
207
207
207
205
205
205
205
205
202
202
202
202
202
209
209
209
209
209
209
209
209
209
209
209
207
207
207
207
207
215
215
215
215
215
215
213
213
213
213
213
210
210
210
210
210
220
220
220
220
220
220
213
213
213
213
213
216
216
216
216
216
220
220
220
220
220
220
218
218
218
218
218
224
224
224
224
224
219
219
219
219
219
219
212
212
212
212
212
214
214
214
214
214
211
211
211
211
211
211
210
210
210
210
210
209
209
209
209
209
199
199
199
199
199
199
209
209
209
209
209
208
208
208
208
208
212
212
212
212
212
212
208
208
208
208
208
208
208
208
208
208
211
211
211
211
211
211
213
213
213
213
213
216
216
216
216
216
219
219
219
219
219
219
217
217
217
217
217
221
221
221
221
221
212
212
212
212
212
212
209
209
209
209
209
205
205
205
205
205
207
207
207
207
207
207
200
200
200
200
200
204
204
204
204
204
207
207
207
207
207
207
211
211
211
211
211
209
209
209
209
209
217
217
217
217
217
217
204
204
204
204
204
218
218
218
218
218
225
225
225
225
225
225
219
219
219
219
219
234
234
234
234
234
226
226
226
226
226
226
222
222
222
222
222
223
223
223
223
223
219
219
219
219
219
219
217
217
217
217
217
214
214
214
214
214
213
213
213
213
213
213
213
213
213
213
213
216
216
216
216
216
210
210
210
210
210
210
212
212
212
212
212
214
214
214
214
214
221
221
221
221
221
221
215
215
215
215
215
224
224
224
224
224
225
225
225
225
225
225
229
229
229
229
229
238
238
238
238
238
224
224
224
224
224
224
228
228
228
228
228
220
220
220
220
220
219
219
219
219
219
219
215
215
215
215
215
213
213
213
213
213
212
212
212
212
212
212
215
215
215
215
215
209
209
209
209
209
209
209
209
209
209
209
206
206
206
206
206
207
207
207
207
207
213
213
213
213
213
213
217
217
217
217
217
221
221
221
221
221
222
222
222
222
222
222
216
216
216
216
216
221
221
221
221
221
215
215
215
215
215
215
214
214
214
214
214
220
220
220
220
220
214
214
214
214
214
214
219
219
219
219
219
206
206
206
206
206
206
206
206
206
206
206
211
211
211
211
211
208
208
208
208
208
216
216
216
216
216
216
215
215
215
215
215
214
214
214
214
214
217
217
217
217
217
217
218
218
218
218
218
222
222
222
222
222
224
224
224
224
224
224
221
221
221
221
221
219
219
219
219
219
219
219
219
219
219
219
215
215
215
215
215
217
217
217
217
217
217
217
217
217
217
217
208
208
208
208
208
208
208
208
208
208
207
207
207
207
207
207
210
210
210
210
210
219
219
219
219
219
219
219
219
219
219
219
231
231
231
231
231
228
228
228
228
228
235
235
235
235
235
235
227
227
227
227
227
226
226
226
226
226
220
220
220
220
220
220
209
209
209
209
209
209
209
209
209
209
207
207
207
207
207
207
207
207
207
207
207
210
210
210
210
210
214
214
214
214
214
214
214
214
214
214
214
210
210
210
210
210
219
219
219
219
219
219
212
212
212
212
212
216
216
216
216
216
213
213
213
213
213
213
207
207
207
207
207
202
202
202
202
202
196
196
196
196
196
196
201
201
201
201
201
197
197
197
197
197
200
200
200
200
200
200
200
200
200
200
200
207
207
207
207
207
206
206
206
206
206
206
207
207
207
207
207
208
208
208
208
208
213
213
213
213
213
213
213
213
213
213
213
210
210
210
210
210
216
216
216
216
216
216
212
212
212
212
212
207
207
207
207
207
208
208
208
208
208
208
208
208
208
208
208
206
206
206
206
206
217
217
217
217
217
217
207
207
207
207
207
220
220
220
220
220
218
218
218
218
218
218
214
214
214
214
214
213
213
213
213
213
213
213
213
213
213
213
215
215
215
215
215
215
215
215
215
215
208
208
208
208
208
208
206
206
206
206
206
213
213
213
213
213
209
209
209
209
209
209
206
206
206
206
206
215
215
215
215
215
217
217
217
217
217
217
213
213
213
213
213
215
215
215
215
215
218
218
218
218
218
218
213
213
213
213
213
210
210
210
210
210
213
213
213
213
213
213
217
217
217
217
217
216
216
216
216
216
210
210
210
210
210
210
216
216
216
216
216
214
214
214
214
214
213
213
213
213
213
213
218
218
218
218
218
221
221
221
221
221
223
223
223
223
223
223
221
221
221
221
221
223
223
223
223
223
218
218
218
218
218
218
210
210
210
210
210
210
210
210
210
210
209
209
209
209
209
209
206
206
206
206
206
210
210
210
210
210
201
201
201
201
201
201
203
203
203
203
203
203
203
203
203
203
204
204
204
204
204
204
209
209
209
209
209
219
219
219
219
219
217
217
217
217
217
217
224
224
224
224
224
233
233
233
233
233
225
225
225
225
225
225
226
226
226
226
226
224
224
224
224
224
223
223
223
223
223
223
222
222
222
222
222
217
217
217
217
217
214
214
214
214
214
214
208
208
208
208
208
214
214
214
214
214
206
206
206
206
206
206
212
212
212
212
212
215
215
215
215
215
219
219
219
219
219
219
219
219
219
219
219
226
226
226
226
226
226
226
226
226
226
226
224
224
224
224
224
220
220
220
220
220
215
215
215
215
215
215
217
217
217
217
217
211
211
211
211
211
214
214
214
214
214
214
211
211
211
211
211
211
211
211
211
211
210
210
210
210
210
210
213
213
213
213
213
217
217
217
217
217
216
216
216
216
216
216
219
219
219
219
219
215
215
215
215
215
219
219
219
219
219
219
222
222
222
222
222
222
222
222
222
222
217
217
217
217
217
217
225
225
225
225
225
220
220
220
220
220
213
213
213
213
213
213
217
217
217
217
217
220
220
220
220
220
214
214
214
214
214
214
216
216
216
216
216
219
219
219
219
219
219
219
219
219
219
219
220
220
220
220
220
217
217
217
217
217
216
216
216
216
216
216
222
222
222
222
222
213
213
213
213
213
217
217
217
217
217
217
209
209
209
209
209
213
213
213
213
213
207
207
207
207
207
207
211
211
211
211
211
204
204
204
204
204
207
207
207
207
207
207
207
207
207
207
207
212
212
212
212
212
212
212
212
212
212
212
217
217
217
217
217
214
214
214
214
214
219
219
219
219
219
219
217
217
217
217
217
218
218
218
218
218
217
217
217
217
217
217
218
218
218
218
218
218
218
218
218
218
216
216
216
216
216
216
210
210
210
210
210
214
214
214
214
214
208
208
208
208
208
208
212
212
212
212
212
206
206
206
206
206
203
203
203
203
203
203
207
207
207
207
207
210
210
210
210
210
212
212
212
212
212
212
212
212
212
212
212
219
219
219
219
219
210
210
210
210
210
210
215
215
215
215
215
211
211
211
211
211
212
212
212
212
212
212
217
217
217
217
217
213
213
213
213
213
214
214
214
214
214
214
219
219
219
219
219
211
211
211
211
211
213
213
213
213
213
213
212
212
212
212
212
216
216
216
216
216
210
210
210
210
210
210
209
209
209
209
209
213
213
213
213
213
207
207
207
207
207
207
207
207
207
207
207
213
213
213
213
213
211
211
211
211
211
211
212
212
212
212
212
212
212
212
212
212
219
219
219
219
219
219
215
215
215
215
215
222
222
222
222
222
218
218
218
218
218
218
212
212
212
212
212
207
207
207
207
207
217
217
217
217
217
217
208
208
208
208
208
211
211
211
211
211
209
209
209
209
209
209
207
207