218
218
218
218
215
215
215
215
215
220
220
220
220
220
220
216
216
216
216
216
219
219
219
219
219
214
214
214
214
214
214
215
215
215
215
215
214
214
214
214
214
214
214
214
214
214
214
220
220
220
220
220
215
215
215
215
215
218
218
218
218
218
218
215
215
215
215
215
224
224
224
224
224
215
215
215
215
215
215
211
211
211
211
211
221
221
221
221
221
217
217
217
217
217
217
225
225
225
225
225
214
214
214
214
214
212
212
212
212
212
212
209
209
209
209
209
220
220
220
220
220
219
219
219
219
219
219
211
211
211
211
211
218
218
218
218
218
225
225
225
225
225
225
215
215
215
215
215
220
220
220
220
220
223
223
223
223
223
223
218
218
218
218
218
212
212
212
212
212
228
228
228
228
228
228
218
218
218
218
218
218
218
218
218
218
218
218
218
218
218
218
220
220
220
220
220
215
215
215
215
215
215
215
215
215
215
215
223
223
223
223
223
219
219
219
219
219
220
220
220
220
220
220
220
220
220
220
220
215
215
215
215
215
224
224
224
224
224
224
219
219
219
219
219
220
220
220
220
220
221
221
221
221
221
221
222
222
222
222
222
213
213
213
213
213
218
218
218
218
218
218
216
216
216
216
216
223
223
223
223
223
217
217
217
217
217
217
211
211
211
211
211
215
215
215
215
215
209
209
209
209
209
209
205
205
205
205
205
195
195
195
195
195
193
193
193
193
193
193
198
198
198
198
198
189
189
189
189
189
188
188
188
188
188
188
195
195
195
195
195
194
194
194
194
194
209
209
209
209
209
209
222
222
222
222
222
269
269
269
269
269
381
381
381
381
381
381
767
767
767
767
767
1129
1129
1129
1129
1129
1356
1356
1356
1356
1356
1356
1389
1389
1389
1389
1389
1208
1208
1208
1208
1208
952
952
952
952
952
952
635
635
635
635
635
399
399
399
399
399
301
301
301
301
301
301
278
278
278
278
278
246
246
246
246
246
238
238
238
238
238
238
236
236
236
236
236
238
238
238
238
238
238
238
238
238
238
238
245
245
245
245
245
229
229
229
229
229
237
237
237
237
237
237
233
233
233
233
233
230
230
230
230
230
220
220
220
220
220
220
207
207
207
207
207
210
210
210
210
210
204
204
204
204
204
204
203
203
203
203
203
201
201
201
201
201
196
196
196
196
196
196
199
199
199
199
199
201
201
201
201
201
202
202
202
202
202
202
195
195
195
195
195
198
198
198
198
198
193
193
193
193
193
193
197
197
197
197
197
205
205
205
205
205
196
196
196
196
196
196
197
197
197
197
197
204
204
204
204
204
200
200
200
200
200
200
203
203
203
203
203
208
208
208
208
208
206
206
206
206
206
206
216
216
216
216
216
225
225
225
225
225
223
223
223
223
223
223
241
241
241
241
241
254
254
254
254
254
254
254
254
254
254
254
247
247
247
247
247
247
247
247
247
247
243
243
243
243
243
243
223
223
223
223
223
213
213
213
213
213
208
208
208
208
208
208
197
197
197
197
197
196
196
196
196
196
196
196
196
196
196
196
192
192
192
192
192
190
190
190
190
190
199
199
199
199
199
199
198
198
198
198
198
215
215
215
215
215
226
226
226
226
226
226
240
240
240
240
240
255
255
255
255
255
254
254
254
254
254
254
248
248
248
248
248
228
228
228
228
228
217
217
217
217
217
217
210
210
210
210
210
200
200
200
200
200
204
204
204
204
204
204
206
206
206
206
206
221
221
221
221
221
246
246
246
246
246
246
336
336
336
336
336
691
691
691
691
691
1315
1315
1315
1315
1315
1315
1664
1664
1664
1664
1664
1684
1684
1684
1684
1684
1248
1248
1248
1248
1248
1248
610
610
610
610
610
292
292
292
292
292
227
227
227
227
227
227
208
208
208
208
208
196
196
196
196
196
192
192
192
192
192
192
190
190
190
190
190
188
188
188
188
188
193
193
193
193
193
193
199
199
199
199
199
204
204
204
204
204
219
219
219
219
219
219
224
224
224
224
224
229
229
229
229
229
239
239
239
239
239
239
224
224
224
224
224
221
221
221
221
221
209
209
209
209
209
209
213
213
213
213
213
196
196
196
196
196
200
200
200
200
200
200
206
206
206
206
206
209
209
209
209
209
207
207
207
207
207
207
209
209
209
209
209
218
218
218
218
218
219
219
219
219
219
219
216
216
216
216
216
218
218
218
218
218
220
220
220
220
220
220
223
223
223
223
223
217
217
217
217
217
220
220
220
220
220
220
211
211
211
211
211
198
198
198
198
198
184
184
184
184
184
184
177
177
177
177
177
174
174
174
174
174
176
176
176
176
176
176
174
174
174
174
174
173
173
173
173
173
185
185
185
185
185
185
196
196
196
196
196
259
259
259
259
259
1783
1783
1783
1783
1783
1783
4095
4095
4095
4095
4095
4095
4095
4095
4095
4095
4095
4095
4095
4095
4095
4095
4095
4095
4095
4095
4095
4095
4095
4095
4095
4095
3851
3851
3851
3851
3851
3851
1685
1685
1685
1685
1685
258
258
258
258
258
195
195
195
195
195
195
182
182
182
182
182
173
173
173
173
173
176
176
176
176
176
176
175
175
175
175
175
180
180
180
180
180
184
184
184
184
184
184
187
187
187
187
187
199
199
199
199
199
201
201
201
201
201
201
216
216
216
216
216
220
220
220
220
220
225
225
225
225
225
225
222
222
222
222
222
213
213
213
213
213
207
207
207
207
207
207
200
200
200
200
200
189
189
189
189
189
181
181
181
181
181
181
186
186
186
186
186
178
178
178
178
178
174
174
174
174
174
174
177
177
177
177
177
173
173
173
173
173
178
178
178
178
178
178
176
176
176
176
176
176
176
176
176
176
182
182
182
182
182
182
187
187
187
187
187
193
193
193
193
193
199
199
199
199
199
199
214
214
214
214
214
222
222
222
222
222
230
230
230
230
230
230
224
224
224
224
224
231
231
231
231
231
214
214
214
214
214
214
204
204
204
204
204
200
200
200
200
200
200
200
200
200
200
200
196
196
196
196
196
198
198
198
198
198
213
213
213
213
213
213
225
225
225
225
225
264
264
264
264
264
314
314
314
314
314
314
500
500
500
500
500
798
798
798
798
798
1016
1016
1016
1016
1016
1016
1158
1158
1158
1158
1158
1178
1178
1178
1178
1178
1111
1111
1111
1111
1111
1111
938
938
938
938
938
689
689
689
689
689
421
421
421
421
421
421
293
293
293
293
293
238
238
238
238
238
215
215
215
215
215
215
199
199
199
199
199
192
192
192
192
192
186
186
186
186
186
186
183
183
183
183
183
183
183
183
183
183
177
177
177
177
177
177
177
177
177
177
177
178
178
178
178
178
181
181
181
181
181
181
187
187
187
187
187
187
187
187
187
187
192
192
192
192
192
192
197
197
197
197
197
200
200
200
200
200
201
201
201
201
201
201
212
212
212
212
212
209
209
209
209
209
220
220
220
220
220
220
229
229
229
229
229
234
234
234
234
234
234
234
234
234
234
234
230
230
230
230
230
228
228
228
228
228
223
223
223
223
223
223
209
209
209
209
209
208
208
208
208
208
200
200
200
200
200
200
202
202
202
202
202
199
199
199
199
199
213
213
213
213
213
213
213
213
213
213
213
225
225
225
225
225
232
232
232
232
232
232
240
240
240
240
240
258
258
258
258
258
257
257
257
257
257
257
270
270
270
270
270
257
257
257
257
257
244
244
244
244
244
244
241
241
241
241
241
233
233
233
233
233
224
224
224
224
224
224
223
223
223
223
223
216
216
216
216
216
222
222
222
222
222
222
219
219
219
219
219
212
212
212
212
212
214
214
214
214
214
214
207
207
207
207
207
208
208
208
208
208
202
202
202
202
202
202
207
207
207
207
207
210
210
210
210
210
214
214
214
214
214
214
219
219
219
219
219
226
226
226
226
226
246
246
246
246
246
246
248
248
248
248
248
245
245
245
245
245
245
245
245
245
245
245
240
240
240
240
240
239
239
239
239
239
224
224
224
224
224
224
213
213
213
213
213
218
218
218
218
218
217
217
217
217
217
217
210
210
210
210
210
209
209
209
209
209
216
216
216
216
216
216
211
211
211
211
211
216
216
216
216
216
219
219
219
219
219
219
223
223
223
223
223
222
222
222
222
222
222
222
222
222
222
222
228
228
228
228
228
217
217
217
217
217
214
214
214
214
214
214
218
218
218
218
218
223
223
223
223
223
208
208
208
208
208
208
222
222
222
222
222
221
221
221
221
221
219
219
219
219
219
219
223
223
223
223
223
230
230
230
230
230
242
242
242
242
242
242
242
242
242
242
242
237
237
237
237
237
233
233
233
233
233
233
231
231
231
231
231
228
228
228
228
228
225
225
225
225
225
225
220
220
220
220
220
214
214
214
214
214
212
212
212
212
212
212
222
222
222
222
222
217
217
217
217
217
224
224
224
224
224
224
232
232
232
232
232
234
234
234
234
234
247
247
247
247
247
247
246
246
246
246
246
244
244
244
244
244
244
244
244
244
244
244
246
246
246
246
246
232
232
232
232
232
226
226
226
226
226
226
220
220
220
220
220
216
216
216
216
216
210
210
210
210
210
210
225
225
225
225
225
213
213
213
213
213
209
209
209
209
209
209
210
210
210
210
210
209
209
209
209
209
215
215
215
215
215
215
214
214
214
214
214
216
216
216
216
216
217
217
217
217
217
217
232
232
232
232
232
232
232
232
232
232
234
234
234
234
234
234
230
230
230
230
230
236
236
236
236
236
221
221
221
221
221
221
227
227
227
227
227
220
220
220
220
220
227
227
227
227
227
227
219
219
219
219
219
222
222
222
222
222
215
215
215
215
215
215
215
215
215
215
215
216
216
216
216
216
219
219
219
219
219
219
211
211
211
211
211
224
224
224
224
224
220
220
220
220
220
220
227
227
227
227
227
222
222
222
222
222
229
229
229
229
229
229
229
229
229
229
229
235
235
235
235
235
237
237
237
237
237
237
246
246
246
246
246
242
242
242
242
242
248
248
248
248
248
248
243
243
243
243
243
240
240
240
240
240
242
242
242
242
242
242
237
237
237
237
237
234
234
234
234
234
233
233
233
233
233
233
228
228
228
228
228
229
229
229
229
229
232
232
232
232
232
232
231
231
231
231
231
228
228
228
228
228
225
225
225
225
225
225
222
222
222
222
222
236
236
236
236
236
241
241
241
241
241
241
234
234
234
234
234
231
231
231
231
231
236
236
236
236
236
236
239
239
239
239
239
234
234
234
234
234
232
232
232
232
232
232
235
235
235
235
235
221
221
221
221
221
226
226
226
226
226
226
227
227
227
227
227
219
219
219
219
219
218
218
218
218
218
218
211
211
211
211
211
217
217
217
217
217
219
219
219
219
219
219
216
216
216
216
216
218
218
218
218
218
216
216
216
216
216
216
225
225
225
225
225
219
219
219
219
219
220
220
220
220
220
220
222
222
222
222
222
224
224
224
224
224
223
223
223
223
223
223
220
220
220
220
220
216
216
216
216
216
214
214
214
214
214
214
223
223
223
223
223
223
223
223
223
223
219
219
219
219
219
219
231
231
231
231
231
226
226
226
226
226
235
235
235
235
235
235
236
236
236
236
236
234
234
234
234
234
230
230
230
230
230
230
239
239
239
239
239
227
227
227
227
227
217
217
217
217
217
217
214
214
214
214
214
218
218
218
218
218
218
218
218
218
218
218
215
215
215
215
215
219
219
219
219
219
222
222
222
222
222
222
224
224
224
224
224
233
233
233
233
233
230
230
230
230
230
230
229
229
229
229
229
236
236
236
236
236
247
247
247
247
247
247
241
241
241
241
241
245
245
245
245
245
243
243
243
243
243
243
237
237
237
237
237
240
240
240
240
240
230
230
230
230
230
230
237
237
237
237
237
226
226
226
226
226
233
233
233
233
233
233
230
230
230
230
230
226
226
226
226
226
230
230
230
230
230
230
216
216
216
216
216
228
228
228
228
228
226
226
226
226
226
226
224
224
224
224
224
225
225
225
225
225
220
220
220
220
220
220
226
226
226
226
226
225
225
225
225
225
217
217
217
217
217
217
223
223
223
223
223
217
217
217
217
217
214
214
214
214
214
214
211
211
211
211
211
214
214
214
214
214
217
217
217
217
217
217
212
212
212
212
212
214
214
214
214
214
208
208
208
208
208
208
212
212
212
212
212
218
218
218
218
218
214
214
214
214
214
214
219
219
219
219
219
218
218
218
218
218
207
207
207
207
207
207
203
203
203
203
203
216
216
216
216
216
207
207
207
207
207
207
216
216
216
216
216
213
213
213
213
213
218
218
218
218
218
218
205
205
205
205
205
215
215
215
215
215
216
216
216
216
216
216
213
213
213
213
213
211
211
211
211
211
210
210
210
210
210
210
220
220
220
220
220
215
215
215
215
215
217
217
217
217
217
217
209
209
209
209
209
213
213
213
213
213
210
210
210
210
210
210
203
203
203
203
203
202
202
202
202
202
206
206
206
206
206
206
204
204
204
204
204
205
205
205
205
205
204
204
204
204
204
204
205
205
205
205
205
215
215
215
215
215
213
213
213
213
213
213
212
212
212
212
212
216
216
216
216
216
221
221
221
221
221
221
220
220
220
220
220
220
220
220
220
220
213
213
213
213
213
213
213
213
213
213
213
216
216
216
216
216
206
206
206
206
206
206
208
208
208
208
208
206
206
206
206
206
205
205
205
205
205
205
204
204
204
204
204
202
202
202
202
202
205
205
205
205
205
205
203
203
203
203
203
203
203
203
203
203
205
205
205
205
205
205
212
212
212
212
212
211
211
211
211
211
215
215
215
215
215
215
217
217
217
217
217
220
220
220
220
220
223
223
223
223
223
223
226
226
226
226
226
222
222
222
222
222
222
222
222
222
222
222
222
222
222
222
222
214
214
214
214
214
209
209
209
209
209
209
218
218
218
218
218
213
213
213
213
213
213
213
213
213
213
213
207
207
207
207
207
217
217
217
217
217
212
212
212
212
212
212
216
216
216
216
216
218
218
218
218
218
218
218
218
218
218
218
211
211
211
211
211
217
217
217
217
217
216
216
216
216
216
216
223
223
223
223
223
210
210
210
210
210
215
215
215
215
215
215
217
217
217
217
217
220
220
220
220
220
213
213
213
213
213
213
217
217
217
217
217
220
220
220
220
220
222
222
222
222
222
222
222
222
222
223
223
223
223
223
220
220
220
220
220
220
223
223
223
223
223
224
224
224
224
224
225
225
225
225
225
225
216
216
216
216
216
217
217
217
217
217
221
221
221
221
221
221
220
220
220
220
220
216
216
216
216
216
224
224
224
224
224
224
221
221
221
221
221
227
227
227
227
227
227
227
227
227
227
227
225
225
225
225
225
227
227
227
227
227
225
225
225
225
225
225
234
234
234
234
234
230
230
230
230
230
235
235
235
235
235
235
229
229
229
229
229
222
222
222
222
222
230
230
230
230
230
230
223
223
223
223
223
227
227
227
227
227
230
230
230
230
230
230
226
226
226
226
226
226
226
226
226
226
231
231
231
231
231
231
230
230
230
230
230
231
231
231
231
231
237
237
237
237
237
237
236
236
236
236
236
244
244
244
244
244
241
241
241
241
241
241
243
243
243
243
243
242
242
242
242
242
236
236
236
236
236
236
227
227
227
227
227
222
222
222
222
222
222
222
222
222
222
222
222
222
222
222
222
219
219
219
219
219
222
222
222
222
222
222
219
219
219
219
219
224
224
224
224
224
220
220
220
220
220
220
220
220
220
220
220
224
224
224
224
224
231
231
231
231
231
231
226
226
226
226
226
235
235
235
235
235
229
229
229
229
229
229
225
225
225
225
225
222
222
222
222
222
223
223
223
223
223
223
223
223
223
223
223
224
224
224
224
224
223
223
223
223
223
223
214
214
214
214
214
217
217
217
217
217
223
223
223
223
223
223
225
225
225
225
225
215
215
215
215
215
225
225
225
225
225
225
220
220
220
220
220
219
219
219
219
219
216
216
216
216
216
216
208
208
208
208
208
214
214
214
214
214
213
213
213
213
213
213
216
216
216
216
216
220
220
220
220
220
217
217
217
217
217
217
218
218
218
218
218
220
220
220
220
220
229
229
229
229
229
229
229
229
229
229
229
226
226
226
226
226
229
229
229
229
229
229
228
228
228
228
228
221
221
221
221
221
222
222
222
222
222
222
219
219
219
219
219
221
221
221
221
221
216
216
216
216
216
216
216
216
216
216
216
209
209
209
209
209
216
216
216
216
216
216
220
220
220
220
220
219
219
219
219
219
219
219
219
219
219
219
216
216
216
216
216
210
210
210
210
210
219
219
219
219
219
219
217
217
217
217
217
218
218
218
218
218
216
216
216
216
216
216
208
208
208
208
208
218
218
218
218
218
208
208
208
208
208
208
212
212
212
212
212
205
205
205
205
205
209
209
209
209
209
209
206
206
206
206
206
212
212
212
212
212
216
216
216
216
216
216
210
210
210
210
210
215
215
215
215
215
223
223
223
223
223
223
218
218
218
218
218
215
215
215
215
215
218
218
218
218
218
218
219
219
219
219
219
216
216
216
216
216
210
210
210
210
210
210
211
211
211
211
211
217
217
217
217
217
211
211
211
211
211
211
218
218
218
218
218
221
221
221
221
221
223
223
223
223
223
223
217
217
217
217
217
212
212
212
212
212
216
216
216
216
216
216
212
212
212
212
212
216
216
216
216
216
223
223
223
223
223
223
218
218
218
218
218
220
220
220
220
220
215
215
215
215
215
215
228
228
228
228
228
226
226
226
226
226
220
220
220
220
220
220
224
224
224
224
224
220
220
220
220
220
212
212
212
212
212
212
208
208
208
208
208
218
218
218
218
218
214
214
214
214
214
214
218
218
218
218
218
205
205
205
205
205
209
209
209
209
209
209
212
212
212
212
212
220
220
220
220
220
212
212
212
212
212
212
212
212
212
212
212
222
222
222
222
222
221
221
221
221
221
221
219
219
219
219
219
223
223
223
223
223
212
212
212
212
212
212
214
214
214
214
214
217
217
217
217
217
213
213
213
213
213
213
211
211
211
211
211
214
214
214
214
214
208
208
208
208
208
208
219
219
219
219
219
210
210
210
210
210
216
216
216
216
216
216
210
210
210
210
210
221
221
221
221
221
220
220
220
220
220
220
214
214
214
214
214
218
218
218
218
218
207
207
207
207
207
207
210
210
210
210
210
217
217
217
217
217
220
220
220
220
220
220
220
220
220
220
220
214
214
214
214
214
211
211
211
211
211
211
213
213
213
213
213
214
214
214
214
214
213
213
213
213
213
213
226
226
226
226
226
214
214
214
214
214
211
211
211
211
211
211
218
218
218
218
218
207
207
207
207
207
225
225
225
225
225
225
207
207
207
207
207
220
220
220
220
220
210
210
210
210
210
210
220
220
220
220
220
223
223
223
223
223
226
226
226
226
226
226
228
228
228
228
228
228
228
228
228
228
223
223
223
223
223
223
223
223
223
223
223
219
219
219
219
219
227
227
227
227
227
227
221
221
221
221
221
220
220
220
220
220
215
215
215
215
215
215
215
215
215
215
215
220
220
220
220
220
210
210
210
210
210
210
219
219
219
219
219
212
212
212
212
212
215
215
215
215
215
215
220
220
220
220
220
218
218
218
218
218
223
223
223
223
223
223
217
217
217
217
217
216
216
216
216
216
207
207
207
207
207
207
212
212
212
212
212
221
221
221
221
221
222
222
222
222
222
222
218
218
218
218
218
209
209
209
209
209
214
214
214
214
214
214
213
213
213
213
213
219
219
219
219
219
207
207
207
207
207
207
208
208
208
208
208
209
209
209
209
209
217
217
217
217
217
217
210
210
210
210
210
217
217
217
217
217
215
215
215
215
215
215
216
216
216
216
216
224
224
224
224
224
214
214
214
214
214
214
214
214
214
214
214
223
223
223
223
223
219
219
219
219
219
219
224
224
224
224
224
217
217
217
217
217
217
217
217
217
217
217
221
221
221
221
221
213
213
213
213
213
209
209
209
209
209
209
214
214
214
214
214
214
214
214
214
214
211
211
211
211
211
211
210
210
210
210
210
202
202
202
202
202
205
205
205
205
205
205
213
213
213
213
213
209
209
209
209
209
212
212
212
212
212
212
211
211
211
211
211
230
230
230
230
230
221
221
221
221
221
221
233
233
233
233
233
237
237
237
237
237
231
231
231
231
231
231
237
237
237
237
237
231
231
231
231
231
226
226
226
226
226
226
222
222
222
222
222
217
217
217
217
217
214
214
214
214
214
214
214
214
214
214
214
205
205
205
205
205
212
212
212
212
212
212
205
205
205
205
205
211
211
211
211
211
211
211
211
211
211
211
213
213
213
213
213
210
210
210
210
210
219
219
219
219
219
219
220
220
220
220
220
223
223
223
223
223
233
233
233
233
233
233
225
225
225
225
225
235
235
235
235
235
236
236
236
236
236
236
233
233
233
233
233
242
242
242
242
242
227
227
227
227
227
227
225
225
225
225
225
224
224
224
224
224
220
220
220
220
220
220
216
216
216
216
216
216
216
216
216
216
217
217
217
217
217
217
217
217
217
217
217
217
217
217
217
217
210
210
210
210
210
210
218
218
218
218
218
214
214
214
214
214
222
222
222
222
222
222
216
216
216
216
216
217
217
217
217
217
219
219
219
219
219
219
223
223
223
223
223
219
219
219
219
219
224
224
224
224
224
224
225
225
225
225
225
228
228
228
228
228
224
224
224
224
224
224
213
213
213
213
213
214
214
214
214
214
220
220
220
220
220
220
218
218
218
218
218
219
219
219
219
219
222
222
222
222
222
222
222
222
222
222
222
218
218
218
218
218
226
226
226
226
226
226
223
223
223
223
223
226
226
226
226
226
219
219
219
219
219
219
233
233
233
233
233
219
219
219
219
219
226
226
226
226
226
226
220
220
220
220
220
223
223
223
223
223
225
225
225
225
225
225
222
222
222
222
222
221
221
221
221
221
226
226
226
226
226
226
213
213
213
213
213
222
222
222
222
222
210
210
210
210
210
210
224
224
224
224
224
222
222
222
222
222
212
212
212
212
212
212
217
217
217
217
217
226
226
226
226
226
219
219
219
219
219
219
221
221
221
221
221
219
219
219
219
219
221
221
221
221
221
221
225
225
225
225
225
228
228
228
228
228
225
225
225
225
225
225
230
230
230
230
230
227
227
227
227
227
222
222
222
222
222
222
223
223
223
223
223
221
221
221
221
221
214
214
214
214
214
214
225
225
225
225
225
212
212
212
212
212
215
215
215
215
215
215
217
217
217
217
217
213
213
213
213
213
211
211
211
211
211
211
207
207
207
207
207
218
218
218
218
218
215
215
215
215
215
215
214
214
214
214
214
231
231
231