214
214
214
214
214
214
209
209
209
209
209
214
214
214
214
214
212
212
212
212
212
212
215
215
215
215
215
208
208
208
208
208
217
217
217
217
217
217
208
208
208
208
208
208
208
208
208
208
210
210
210
210
210
210
204
204
204
204
204
214
214
214
214
214
213
213
213
213
213
213
211
211
211
211
211
216
216
216
216
216
217
217
217
217
217
217
209
209
209
209
209
217
217
217
217
217
216
216
216
216
216
216
209
209
209
209
209
212
212
212
212
212
210
210
210
210
210
210
213
213
213
213
213
210
210
210
210
210
211
211
211
211
211
211
215
215
215
215
215
210
210
210
210
210
214
214
214
214
214
214
210
210
210
210
210
205
205
205
205
205
212
212
212
212
212
212
206
206
206
206
206
209
209
209
209
209
210
210
210
210
210
210
212
212
212
212
212
209
209
209
209
209
216
216
216
216
216
216
215
215
215
215
215
214
214
214
214
214
221
221
221
221
221
221
214
214
214
214
214
211
211
211
211
211
213
213
213
213
213
213
209
209
209
209
209
212
212
212
212
212
213
213
213
213
213
213
207
207
207
207
207
209
209
209
209
209
215
215
215
215
215
215
212
212
212
212
212
215
215
215
215
215
217
217
217
217
217
217
214
214
214
214
214
220
220
220
220
220
208
208
208
208
208
208
219
219
219
219
219
212
212
212
212
212
216
216
216
216
216
216
207
207
207
207
207
208
208
208
208
208
214
214
214
214
214
214
214
214
214
214
214
212
212
212
212
212
212
212
212
212
212
212
211
211
211
211
211
206
206
206
206
206
209
209
209
209
209
209
219
219
219
219
219
214
214
214
214
214
211
211
211
211
211
211
213
213
213
213
213
216
216
216
216
216
207
207
207
207
207
207
212
212
212
212
212
205
205
205
205
205
214
214
214
214
214
214
217
217
217
217
217
218
218
218
218
218
224
224
224
224
224
224
214
214
214
214
214
220
220
220
220
220
218
218
218
218
218
218
215
215
215
215
215
215
215
215
215
215
216
216
216
216
216
216
216
216
216
216
216
216
216
216
216
216
219
219
219
219
219
219
216
216
216
216
216
219
219
219
219
219
216
216
216
216
216
216
215
215
215
215
215
212
212
212
212
212
207
207
207
207
207
207
205
205
205
205
205
201
201
201
201
201
204
204
204
204
204
204
200
200
200
200
200
203
203
203
203
203
197
197
197
197
197
197
203
203
203
203
203
203
203
203
203
203
202
202
202
202
202
202
203
203
203
203
203
205
205
205
205
205
205
205
205
205
205
205
196
196
196
196
196
194
194
194
194
194
200
200
200
200
200
200
198
198
198
198
198
194
194
194
194
194
191
191
191
191
191
191
198
198
198
198
198
194
194
194
194
194
186
186
186
186
186
186
186
186
186
186
186
179
179
179
179
179
180
180
180
180
180
180
188
188
188
188
188
187
187
187
187
187
189
189
189
189
189
189
205
205
205
205
205
237
237
237
237
237
404
404
404
404
404
404
1568
1568
1568
1568
1568
2894
2894
2894
2894
2894
3843
3843
3843
3843
3843
3843
4095
4095
4095
4095
4095
4095
4095
4095
4095
4095
3472
3472
3472
3472
3472
3472
2389
2389
2389
2389
2389
1116
1116
1116
1116
1116
338
338
338
338
338
338
238
238
238
238
238
218
218
218
218
218
208
208
208
208
208
208
207
207
207
207
207
211
211
211
211
211
212
212
212
212
212
212
223
223
223
223
223
251
251
251
251
251
260
260
260
260
260
260
287
287
287
287
287
322
322
322
322
322
317
317
317
317
317
317
297
297
297
297
297
270
270
270
270
270
242
242
242
242
242
242
209
209
209
209
209
202
202
202
202
202
189
189
189
189
189
189
182
182
182
182
182
176
176
176
176
176
175
175
175
175
175
175
181
181
181
181
181
180
180
180
180
180
181
181
181
181
181
181
184
184
184
184
184
191
191
191
191
191
204
204
204
204
204
204
217
217
217
217
217
237
237
237
237
237
232
232
232
232
232
232
232
232
232
232
232
224
224
224
224
224
205
205
205
205
205
205
196
196
196
196
196
188
188
188
188
188
185
185
185
185
185
185
184
184
184
184
184
182
182
182
182
182
187
187
187
187
187
187
188
188
188
188
188
198
198
198
198
198
209
209
209
209
209
209
230
230
230
230
230
237
237
237
237
237
264
264
264
264
264
264
275
275
275
275
275
261
261
261
261
261
255
255
255
255
255
255
261
261
261
261
261
256
256
256
256
256
260
260
260
260
260
260
272
272
272
272
272
303
303
303
303
303
389
389
389
389
389
389
549
549
549
549
549
784
784
784
784
784
962
962
962
962
962
962
995
995
995
995
995
903
903
903
903
903
722
722
722
722
722
722
454
454
454
454
454
321
321
321
321
321
255
255
255
255
255
255
232
232
232
232
232
207
207
207
207
207
202
202
202
202
202
202
198
198
198
198
198
195
195
195
195
195
186
186
186
186
186
186
200
200
200
200
200
193
193
193
193
193
197
197
197
197
197
197
196
196
196
196
196
203
203
203
203
203
203
203
203
203
203
203
193
193
193
193
193
196
196
196
196
196
183
183
183
183
183
183
183
183
183
183
183
175
175
175
175
175
177
177
177
177
177
177
177
177
177
177
177
177
177
177
177
177
178
178
178
178
178
178
183
183
183
183
183
184
184
184
184
184
193
193
193
193
193
193
197
197
197
197
197
202
202
202
202
202
208
208
208
208
208
208
215
215
215
215
215
230
230
230
230
230
223
223
223
223
223
223
241
241
241
241
241
245
245
245
245
245
259
259
259
259
259
259
276
276
276
276
276
294
294
294
294
294
332
332
332
332
332
332
343
343
343
343
343
387
387
387
387
387
423
423
423
423
423
423
453
453
453
453
453
480
480
480
480
480
488
488
488
488
488
488
483
483
483
483
483
484
484
484
484
484
462
462
462
462
462
462
430
430
430
430
430
392
392
392
392
392
368
368
368
368
368
368
341
341
341
341
341
315
315
315
315
315
296
296
296
296
296
296
286
286
286
286
286
268
268
268
268
268
258
258
258
258
258
258
254
254
254
254
254
245
245
245
245
245
230
230
230
230
230
230
231
231
231
231
231
213
213
213
213
213
210
210
210
210
210
210
202
202
202
202
202
202
202
202
202
202
192
192
192
192
192
192
195
195
195
195
195
194
194
194
194
194
192
192
192
192
192
192
201
201
201
201
201
200
200
200
200
200
203
203
203
203
203
203
208
208
208
208
208
216
216
216
216
216
222
222
222
222
222
222
229
229
229
229
229
228
228
228
228
228
234
234
234
234
234
234
236
236
236
236
236
229
229
229
229
229
232
232
232
232
232
232
232
232
232
232
232
231
231
231
231
231
231
231
231
231
231
231
226
226
226
226
226
232
232
232
232
232
229
229
229
229
229
229
229
229
229
229
229
230
230
230
230
230
236
236
236
236
236
236
232
232
232
232
232
236
236
236
236
236
248
248
248
248
248
248
264
264
264
264
264
272
272
272
272
272
285
285
285
285
285
285
288
288
288
288
288
269
269
269
269
269
267
267
267
267
267
267
252
252
252
252
252
239
239
239
239
239
229
229
229
229
229
229
218
218
218
218
218
225
225
225
225
225
220
220
220
220
220
220
221
221
221
221
221
222
222
222
222
222
217
217
217
217
217
217
218
218
218
218
218
221
221
221
221
221
229
229
229
229
229
229
230
230
230
230
230
233
233
233
233
233
251
251
251
251
251
251
247
247
247
247
247
250
250
250
250
250
247
247
247
247
247
247
242
242
242
242
242
243
243
243
243
243
230
230
230
230
230
230
231
231
231
231
231
219
219
219
219
219
215
215
215
215
215
215
215
215
215
215
215
211
211
211
211
211
211
211
211
211
211
211
215
215
215
215
215
216
216
216
216
216
221
221
221
221
221
221
224
224
224
224
224
229
229
229
229
229
246
246
246
246
246
246
252
252
252
252
252
249
249
249
249
249
261
261
261
261
261
261
264
264
264
264
264
259
259
259
259
259
249
249
249
249
249
249
243
243
243
243
243
235
235
235
235
235
221
221
221
221
221
221
221
221
221
221
221
219
219
219
219
219
219
219
219
219
219
219
213
213
213
213
213
219
219
219
219
219
223
223
223
223
223
223
226
226
226
226
226
235
235
235
235
235
242
242
242
242
242
242
239
239
239
239
239
260
260
260
260
260
264
264
264
264
264
264
280
280
280
280
280
268
268
268
268
268
255
255
255
255
255
255
241
241
241
241
241
239
239
239
239
239
226
226
226
226
226
226
222
222
222
222
222
223
223
223
223
223
224
224
224
224
224
224
223
223
223
223
223
225
225
225
225
225
228
228
228
228
228
228
239
239
239
239
239
236
236
236
236
236
244
244
244
244
244
244
247
247
247
247
247
257
257
257
257
257
245
245
245
245
245
245
242
242
242
242
242
232
232
232
232
232
229
229
229
229
229
229
229
229
229
229
229
230
230
230
230
230
233
233
233
233
233
233
228
228
228
228
228
233
233
233
233
233
228
228
228
228
228
228
237
237
237
237
237
230
230
230
230
230
234
234
234
234
234
234
223
223
223
223
223
225
225
225
225
225
220
220
220
220
220
220
214
214
214
214
214
214
214
214
214
214
218
218
218
218
218
218
212
212
212
212
212
215
215
215
215
215
217
217
217
217
217
217
220
220
220
220
220
215
215
215
215
215
239
239
239
239
239
239
229
229
229
229
229
232
232
232
232
232
223
223
223
223
223
223
231
231
231
231
231
229
229
229
229
229
231
231
231
231
231
231
229
229
229
229
229
238
238
238
238
238
236
236
236
236
236
236
238
238
238
238
238
242
242
242
242
242
233
233
233
233
233
233
242
242
242
242
242
236
236
236
236
236
230
230
230
230
230
230
239
239
239
239
239
229
229
229
229
229
230
230
230
230
230
230
240
240
240
240
240
249
249
249
249
249
238
238
238
238
238
238
254
254
254
254
254
251
251
251
251
251
258
258
258
258
258
258
252
252
252
252
252
237
237
237
237
237
240
240
240
240
240
240
229
229
229
229
229
220
220
220
220
220
222
222
222
222
222
222
215
215
215
215
215
212
212
212
212
212
214
214
214
214
214
214
209
209
209
209
209
217
217
217
217
217
221
221
221
221
221
221
221
221
221
221
221
233
233
233
233
233
232
232
232
232
232
232
229
229
229
229
229
233
233
233
233
233
234
234
234
234
234
234
231
231
231
231
231
223
223
223
223
223
223
223
223
223
223
223
225
225
225
225
225
215
215
215
215
215
219
219
219
219
219
219
223
223
223
223
223
218
218
218
218
218
217
217
217
217
217
217
219
219
219
219
219
220
220
220
220
220
216
216
216
216
216
216
217
217
217
217
217
214
214
214
214
214
209
209
209
209
209
209
221
221
221
221
221
222
222
222
222
222
231
231
231
231
231
231
229
229
229
229
229
239
239
239
239
239
240
240
240
240
240
240
239
239
239
239
239
239
239
239
239
239
238
238
238
238
238
238
256
256
256
256
256
245
245
245
245
245
251
251
251
251
251
251
242
242
242
242
242
243
243
243
243
243
237
237
237
237
237
237
233
233
233
233
233
231
231
231
231
231
236
236
236
236
236
236
226
226
226
226
226
239
239
239
239
239
238
238
238
238
238
238
232
232
232
232
232
231
231
231
231
231
240
240
240
240
240
240
240
240
240
240
240
233
233
233
233
233
227
227
227
227
227
227
227
227
227
227
227
225
225
225
225
225
232
232
232
232
232
232
229
229
229
229
229
230
230
230
230
230
226
226
226
226
226
226
227
227
227
227
227
234
234
234
234
234
246
246
246
246
246
246
233
233
233
233
233
233
233
233
233
233
223
223
223
223
223
223
232
232
232
232
232
229
229
229
229
229
225
225
225
225
225
225
229
229
229
229
229
217
217
217
217
217
222
222
222
222
222
222
222
222
222
222
222
223
223
223
223
223
224
224
224
224
224
224
227
227
227
227
227
240
240
240
240
240
249
249
249
249
249
249
240
240
240
240
240
233
233
233
233
233
237
237
237
237
237
237
236
236
236
236
236
225
225
225
225
225
216
216
216
216
216
216
225
225
225
225
225
227
227
227
227
227
223
223
223
223
223
223
228
228
228
228
228
219
219
219
219
219
231
231
231
231
231
231
233
233
233
233
233
233
233
233
233
233
240
240
240
240
240
240
247
247
247
247
247
238
238
238
238
238
246
246
246
246
246
246
242
242
242
242
242
235
235
235
235
235
236
236
236
236
236
236
242
242
242
242
242
234
234
234
234
234
222
222
222
222
222
222
232
232
232
232
232
226
226
226
226
226
228
228
228
228
228
228
236
236
236
236
236
229
229
229
229
229
229
229
229
229
229
229
223
223
223
223
223
228
228
228
228
228
229
229
229
229
229
229
217
217
217
217
217
218
218
218
218
218
214
214
214
214
214
214
218
218
218
218
218
214
214
214
214
214
202
202
202
202
202
202
208
208
208
208
208
212
212
212
212
212
212
212
212
212
212
212
218
218
218
218
218
223
223
223
223
223
222
222
222
222
222
222
236
236
236
236
236
232
232
232
232
232
227
227
227
227
227
227
234
234
234
234
234
230
230
230
230
230
231
231
231
231
231
231
219
219
219
219
219
215
215
215
215
215
206
206
206
206
206
206
214
214
214
214
214
210
210
210
210
210
205
205
205
205
205
205
215
215
215
215
215
215
215
215
215
215
219
219
219
219
219
219
223
223
223
223
223
233
233
233
233
233
229
229
229
229
229
229
227
227
227
227
227
223
223
223
223
223
220
220
220
220
220
220
219
219
219
219
219
217
217
217
217
217
218
218
218
218
218
218
214
214
214
214
214
222
222
222
222
222
223
223
223
223
223
223
228
228
228
228
228
237
237
237
237
237
240
240
240
240
240
240
241
241
241
241
241
243
243
243
243
243
242
242
242
242
242
242
238
238
238
238
238
244
244
244
244
244
228
228
228
228
228
228
219
219
219
219
219
230
230
230
230
230
219
219
219
219
219
219
221
221
221
221
221
226
226
226
226
226
221
221
221
221
221
221
227
227
227
227
227
226
226
226
226
226
223
223
223
223
223
223
232
232
232
232
232
236
236
236
236
236
243
243
243
243
243
243
243
243
243
243
243
232
232
232
232
232
237
237
237
237
237
237
238
238
238
238
238
239
239
239
239
239
230
230
230
230
230
230
225
225
225
225
225
219
219
219
219
219
222
222
222
222
222
222
217
217
217
217
217
216
216
216
216
216
216
216
216
216
216
216
213
213
213
213
213
220
220
220
220
220
224
224
224
224
224
224
219
219
219
219
219
228
228
228
228
228
231
231
231
231
231
231
238
238
238
238
238
234
234
234
234
234
236
236
236
236
236
236
230
230
230
230
230
233
233
233
233
233
230
230
230
230
230
230
227
227
227
227
227
234
234
234
234
234
226
226
226
226
226
226
232
232
232
232
232
232
232
232
232
232
235
235
235
235
235
235
234
234
234
234
234
244
244
244
244
244
243
243
243
243
243
243
246
246
246
246
246
233
233
233
233
233
223
223
223
223
223
223
227
227
227
227
227
224
224
224
224
224
217
217
217
217
217
217
219
219
219
219
219
217
217
217
217
217
219
219
219
219
219
219
223
223
223
223
223
220
220
220
220
220
231
231
231
231
231
231
229
229
229
229
229
237
237
237
237
237
237
237
237
237
237
237
242
242
242
242
242
240
240
240
240
240
236
236
236
236
236
236
229
229
229
229
229
223
223
223
223
223
228
228
228
228
228
228
224
224
224
224
224
225
225
225
225
225
218
218
218
218
218
218
219
219
219
219
219
231
231
231
231
231
230
230
230
230
230
230
235
235
235
235
235
232
232
232
232
232
233
233
233
233
233
233
241
241
241
241
241
238
238
238
238
238
236
236
236
236
236
236
234
234
234
234
234
231
231
231
231
231
226
226
226
226
226
226
218
218
218
218
218
227
227
227
227
227
228
228
228
228
228
228
224
224
224
224
224
224
224
224
224
224
222
222
222
222
222
222
226
226
226
226
226
228
228
228
228
228
227
227
227
227
227
227
233
233
233
233
233
229
229
229
229
229
232
232
232
232
232
232
226
226
226
226
226
224
224
224
224
224
226
226
226
226
226
226
230
230
230
230
230
227
227
227
227
227
223
223
223
223
223
223
224
224
224
224
224
222
222
222
222
222
228
228
228
228
228
228
223
223
223
223
223
226
226
226
226
226
217
217
217
217
217
217
214
214
214
214
214
215
215
215
215
215
218
218
218
218
218
218
222
222
222
222
222
220
220
220
220
220
216
216
216
216
216
216
222
222
222
222
222
220
220
220
220
220
223
223
223
223
223
223
226
226
226
226
226
219
219
219
219
219
218
218
218
218
218
218
225
225
225
225
225
217
217
217
217
217
227
227
227
227
227
227
218
218
218
218
218
217
217
217
217
217
224
224
224
224
224
224
226
226
226
226
226
224
224
224
224
224
226
226
226
226
226
226
231
231
231
231
231
240
240
240
240
240
231
231
231
231
231
231
231
231
231
231
231
221
221
221
221
221
224
224
224
224
224
224
223
223
223
223
223
226
226
226
226
226
221
221
221
221
221
221
224
224
224
224
224
225
225
225
225
225
219
219
219
219
219
219
229
229
229
229
229
227
227
227
227
227
237
237
237
237
237
237
233
233
233
233
233
234
234
234
234
234
226
226
226
226
226
226
229
229
229
229
229
229
229
229
229
229
222
222
222
222
222
222
224
224
224
224
224
224
224
224
224
224
225
225
225
225
225
225
218
218
218
218
218
224
224
224
224
224
225
225
225
225
225
225
233
233
233
233
233
232
232
232
232
232
230
230
230
230
230
230
225
225
225
225
225
227
227
227
227
227
219
219
219
219
219
219
223
223
223
223
223
222
222
222
222
222
220
220
220
220
220
220
224
224
224
224
224
224
224
224
224
224
219
219
219
219
219
219
226
226
226
226
226
224
224
224
224
224
226
226
226
226
226
226
231
231
231
231
231
226
226
226
226
226
233
233
233
233
233
233
231
231
231
231
231
229
229
229
229
229
225
225
225
225
225
225
228
228
228
228
228
222
222
222
222
222
225
225
225
225
225
225
214
214
214
214
214
208
208
208
208
208
208
208
208
208
208
208
218
218
218
218
218
213
213
213
213
213
214
214
214
214
214
214
218
218
218
218
218
223
223
223
223
223
227
227
227
227
227
227
236
236
236
236
236
241
241
241
241
241
240
240
240
240
240
240
235
235
235
235
235
235
235
235
235
235
236
236
236
236
236
236
230
230
230
230
230
232
232
232
232
232
224
224
224
224
224
224
223
223
223
223
223
216
216
216
216
216
220
220
220
220
220
220
218
218
218
218
218
213
213
213
213
213
215
215
215
215
215
215
219
219
219
219
219
225
225
225
225
225
225
225
225
225
225
225
229
229
229
229
229
232
232
232
232
232
236
236
236
236
236
236
240
240
240
240
240
229
229
229
229
229
229
229
229
229
229
229
227
227
227
227
227
231
231
231
231
231
223
223
223
223
223
223
222
222
222
222
222
224
224
224
224
224
221
221
221
221
221
221
225
225
225
225
225
224
224
224
224
224
223
223
223
223
223
223
217
217
217
217
217
220
220
220
220
220
219
219
219
219
219
219
224
224
224
224
224
227
227
227
227
227
225
225
225
225
225
225
223
223
223
223
223
227
227
227
227
227
231
231
231
231
231
231
230
230
230
230
230
233
233
233
233
233
226
226
226
226
226
226
230
230
230
230
230
227
227
227
227
227
221
221
221
221
221
221
228
228
228
228
228
224
224
224
224
224
227
227
227
227
227
227
222
222
222
222
222
229
229
229
229
229
222
222
222
222
222
222
230
230
230
230
230
228
228
228
228
228
227
227
227
227
227
227
230
230
230
230
230
231
231
231
231
231
226
226
226
226
226
226
232
232
232
232
232
233
233
233
233
233
229
229
229
229
229
229
225
225
225
225
225
234
234
234
234
234
230
230
230
230
230
230
227
227
227
227
227
224
224
224
224
224
225
225
225
225
225
225
225
225
225
225
225
220
220
220
220
220
228
228
228
228
228
228
222
222
222
222
222
219
219
219
219
219
228
228
228
228
228
228
222
222
222
222
222
230
230
230
230
230
236
236
236
236
236
236
235
235
235
235
235
235
235
235
235
235
242
242
242
242
242
242
235
235
235
235
235
245
245
245
245
245
236
236
236
236
236
236
228
228
228
228
228
226
226
226
226
226
224
224
224
224
224
224
223
223
223
223
223
220
220
220
220
220
220
220
220
220
220
220
218
218
218
218
218
223
223
223
223
223
215
215
215
215
215
215
224
224
224
224
224
221
221
221
221
221
223
223
223
223
223
223
225
225
225
225
225
229
229
229
229
229
228
228
228
228
228
228
225
225
225
225
225
225
225
225
225
225
224
224
224
224
224
224
228
228
228
228
228
227
227
227
227
227
226
226
226
226
226
226
224
224
224
224
224
227
227
227
227
227
229
229
229
229
229
229
226
226
226
226
226
226
226
226
226
226
222
222
222
222
222
222
226
226
226
226
226
226
226
226
226
226
223
223
223
223
223
223
220
220
220
220
220
226
226
226
226
226
222
222
222
222
222
222
230
230
230
230
230
219
219
219
219
219
223
223
223
223
223
223
233
233
233
233
233
229
229
229
229
229
240
240
240
240
240
240
237
237
237
237
237
234
234
234
234
234
238
238
238
238
238
238
231
231
231
231
231
231
231
231
231
231
229
229
229
229
229
229
232
232
232
232
232
220
220
220
220
220
219
219
219
219
219
219
225
225
225
225
225
218
218
218
218
218
220
220
220
220
220
220
217
217
217
217
217
226
226
226
226
226
228
228
228
228
228
228
238
238
238
238
238
232
232
232
232
232
237
237
237
237
237
237
235
235
235
235
235
231
231
231
231
231
235
235
235
235
235
235
241
241
241
241
241
231
231
231
231
231
224
224
224
224
224
224
219
219
219
219
219
221
221
221
221
221
223
223
223
223
223
223
223
223
223
223
223
225
225
225
225
225
221
221
221
221
221
221
223
223
223
223
223
223
223
223
223
223
229
229
229
229
229
229
227
227
227
227
227
231
231
231
231
231
228
228
228
228
228
228
232
232
232
232
232
225
225
225
225
225
234
234
234
234
234
234
232
232
232
232
232
226
226
226
226
226
227
227
227
227
227
227
221
221
221
221
221
224
224
224
224
224
223
223
223
223
223
223
219
219
219
219
219
213
213
213
213
213
222
222
222
222
222
222
216
216
216
216
216
213
213
213
213
213
218
218
218
218
218
218
215