246
246
246
247
247
247
247
247
251
251
251
251
251
251
236
236
236
236
236
243
243
243
243
243
230
230
230
230
230
230
237
237
237
237
237
222
222
222
222
222
220
220
220
220
220
220
218
218
218
218
218
212
212
212
212
212
214
214
214
214
214
214
211
211
211
211
211
218
218
218
218
218
216
216
216
216
216
216
230
230
230
230
230
226
226
226
226
226
243
243
243
243
243
243
243
243
243
243
243
243
243
243
243
243
231
231
231
231
231
231
224
224
224
224
224
204
204
204
204
204
199
199
199
199
199
199
201
201
201
201
201
189
189
189
189
189
185
185
185
185
185
185
183
183
183
183
183
180
180
180
180
180
179
179
179
179
179
179
176
176
176
176
176
178
178
178
178
178
177
177
177
177
177
177
174
174
174
174
174
180
180
180
180
180
185
185
185
185
185
185
185
185
185
185
185
193
193
193
193
193
198
198
198
198
198
198
204
204
204
204
204
220
220
220
220
220
223
223
223
223
223
223
245
245
245
245
245
257
257
257
257
257
288
288
288
288
288
288
300
300
300
300
300
355
355
355
355
355
375
375
375
375
375
375
467
467
467
467
467
659
659
659
659
659
881
881
881
881
881
881
1133
1133
1133
1133
1133
1271
1271
1271
1271
1271
1296
1296
1296
1296
1296
1296
1278
1278
1278
1278
1278
1429
1429
1429
1429
1429
1572
1572
1572
1572
1572
1572
1655
1655
1655
1655
1655
1667
1667
1667
1667
1667
1619
1619
1619
1619
1619
1619
1537
1537
1537
1537
1537
1283
1283
1283
1283
1283
962
962
962
962
962
962
544
544
544
544
544
335
335
335
335
335
266
266
266
266
266
266
230
230
230
230
230
214
214
214
214
214
197
197
197
197
197
197
194
194
194
194
194
188
188
188
188
188
181
181
181
181
181
181
180
180
180
180
180
178
178
178
178
178
174
174
174
174
174
174
182
182
182
182
182
175
175
175
175
175
182
182
182
182
182
182
181
181
181
181
181
187
187
187
187
187
186
186
186
186
186
186
186
186
186
186
186
186
186
186
186
186
184
184
184
184
184
184
191
191
191
191
191
191
191
191
191
191
204
204
204
204
204
204
209
209
209
209
209
219
219
219
219
219
252
252
252
252
252
252
291
291
291
291
291
421
421
421
421
421
662
662
662
662
662
662
939
939
939
939
939
1070
1070
1070
1070
1070
1177
1177
1177
1177
1177
1177
1179
1179
1179
1179
1179
1141
1141
1141
1141
1141
1226
1226
1226
1226
1226
1226
1335
1335
1335
1335
1335
1469
1469
1469
1469
1469
1463
1463
1463
1463
1463
1463
1435
1435
1435
1435
1435
1268
1268
1268
1268
1268
950
950
950
950
950
950
476
476
476
476
476
287
287
287
287
287
244
244
244
244
244
244
219
219
219
219
219
212
212
212
212
212
195
195
195
195
195
195
196
196
196
196
196
196
196
196
196
196
196
196
196
196
196
196
194
194
194
194
194
198
198
198
198
198
214
214
214
214
214
214
219
219
219
219
219
246
246
246
246
246
267
267
267
267
267
267
288
288
288
288
288
244
244
244
244
244
221
221
221
221
221
221
205
205
205
205
205
190
190
190
190
190
181
181
181
181
181
181
178
178
178
178
178
175
175
175
175
175
180
180
180
180
180
180
194
194
194
194
194
225
225
225
225
225
1002
1002
1002
1002
1002
1002
3857
3857
3857
3857
3857
4095
4095
4095
4095
4095
4095
4095
4095
4095
4095
4095
4095
4095
4095
4095
4095
4095
4095
4095
4095
4095
2893
2893
2893
2893
2893
2893
630
630
630
630
630
212
212
212
212
212
180
180
180
180
180
180
173
173
173
173
173
170
170
170
170
170
174
174
174
174
174
174
171
171
171
171
171
181
181
181
181
181
181
181
181
181
181
181
189
189
189
189
189
196
196
196
196
196
205
205
205
205
205
205
212
212
212
212
212
214
214
214
214
214
207
207
207
207
207
207
207
207
207
207
207
202
202
202
202
202
198
198
198
198
198
198
188
188
188
188
188
180
180
180
180
180
181
181
181
181
181
181
180
180
180
180
180
178
178
178
178
178
180
180
180
180
180
180
180
180
180
180
180
179
179
179
179
179
176
176
176
176
176
176
181
181
181
181
181
189
189
189
189
189
192
192
192
192
192
192
201
201
201
201
201
214
214
214
214
214
251
251
251
251
251
251
295
295
295
295
295
348
348
348
348
348
317
317
317
317
317
317
274
274
274
274
274
235
235
235
235
235
224
224
224
224
224
224
222
222
222
222
222
230
230
230
230
230
264
264
264
264
264
264
506
506
506
506
506
1405
1405
1405
1405
1405
2374
2374
2374
2374
2374
2374
2865
2865
2865
2865
2865
2822
2822
2822
2822
2822
2223
2223
2223
2223
2223
2223
1185
1185
1185
1185
1185
342
342
342
342
342
239
239
239
239
239
239
210
210
210
210
210
201
201
201
201
201
201
201
201
201
201
201
200
200
200
200
200
208
208
208
208
208
218
218
218
218
218
218
215
215
215
215
215
216
216
216
216
216
205
205
205
205
205
205
205
205
205
205
205
193
193
193
193
193
188
188
188
188
188
188
193
193
193
193
193
190
190
190
190
190
195
195
195
195
195
195
197
197
197
197
197
192
192
192
192
192
185
185
185
185
185
185
187
187
187
187
187
179
179
179
179
179
179
179
179
179
179
179
178
178
178
178
178
174
174
174
174
174
178
178
178
178
178
178
183
183
183
183
183
184
184
184
184
184
202
202
202
202
202
202
221
221
221
221
221
238
238
238
238
238
258
258
258
258
258
258
259
259
259
259
259
264
264
264
264
264
245
245
245
245
245
245
226
226
226
226
226
215
215
215
215
215
211
211
211
211
211
211
215
215
215
215
215
213
213
213
213
213
226
226
226
226
226
226
243
243
243
243
243
281
281
281
281
281
317
317
317
317
317
317
332
332
332
332
332
342
342
342
342
342
310
310
310
310
310
310
276
276
276
276
276
255
255
255
255
255
245
245
245
245
245
245
224
224
224
224
224
222
222
222
222
222
224
224
224
224
224
224
228
228
228
228
228
220
220
220
220
220
220
220
220
220
220
220
212
212
212
212
212
207
207
207
207
207
202
202
202
202
202
202
198
198
198
198
198
197
197
197
197
197
198
198
198
198
198
198
196
196
196
196
196
200
200
200
200
200
205
205
205
205
205
205
206
206
206
206
206
208
208
208
208
208
207
207
207
207
207
207
203
203
203
203
203
202
202
202
202
202
195
195
195
195
195
195
199
199
199
199
199
193
193
193
193
193
197
197
197
197
197
197
204
204
204
204
204
207
207
207
207
207
207
207
207
207
207
207
211
211
211
211
211
219
219
219
219
219
223
223
223
223
223
223
227
227
227
227
227
230
230
230
230
230
221
221
221
221
221
221
228
228
228
228
228
222
222
222
222
222
216
216
216
216
216
216
220
220
220
220
220
217
217
217
217
217
221
221
221
221
221
221
228
228
228
228
228
239
239
239
239
239
245
245
245
245
245
245
241
241
241
241
241
241
241
241
241
241
230
230
230
230
230
230
221
221
221
221
221
227
227
227
227
227
224
224
224
224
224
224
209
209
209
209
209
211
211
211
211
211
220
220
220
220
220
220
216
216
216
216
216
233
233
233
233
233
229
229
229
229
229
229
228
228
228
228
228
229
229
229
229
229
219
219
219
219
219
219
223
223
223
223
223
206
206
206
206
206
212
212
212
212
212
212
197
197
197
197
197
203
203
203
203
203
192
192
192
192
192
192
199
199
199
199
199
201
201
201
201
201
202
202
202
202
202
202
198
198
198
198
198
206
206
206
206
206
203
203
203
203
203
203
201
201
201
201
201
203
203
203
203
203
208
208
208
208
208
208
209
209
209
209
209
205
205
205
205
205
216
216
216
216
216
216
214
214
214
214
214
208
208
208
208
208
214
214
214
214
214
214
218
218
218
218
218
220
220
220
220
220
216
216
216
216
216
216
208
208
208
208
208
211
211
211
211
211
215
215
215
215
215
215
215
215
215
215
215
213
213
213
213
213
212
212
212
212
212
212
222
222
222
222
222
221
221
221
221
221
217
217
217
217
217
217
232
232
232
232
232
231
231
231
231
231
231
231
231
231
231
231
224
224
224
224
224
216
216
216
216
216
218
218
218
218
218
218
213
213
213
213
213
213
213
213
213
213
209
209
209
209
209
209
202
202
202
202
202
204
204
204
204
204
198
198
198
198
198
198
206
206
206
206
206
212
212
212
212
212
217
217
217
217
217
217
226
226
226
226
226
229
229
229
229
229
224
224
224
224
224
224
222
222
222
222
222
212
212
212
212
212
215
215
215
215
215
215
215
215
215
215
215
205
205
205
205
205
208
208
208
208
208
208
208
208
208
208
208
213
213
213
213
213
212
212
212
212
212
212
216
216
216
216
216
217
217
217
217
217
227
227
227
227
227
227
227
227
227
227
227
224
224
224
224
224
230
230
230
230
230
230
230
230
230
230
230
216
216
216
216
216
212
212
212
212
212
212
214
214
214
214
214
218
218
218
218
218
215
215
215
215
215
215
213
213
213
213
213
211
211
211
211
211
215
215
215
215
215
215
218
218
218
218
218
222
222
222
222
222
222
222
222
222
222
222
224
224
224
224
224
217
217
217
217
217
223
223
223
223
223
223
218
218
218
218
218
207
207
207
207
207
200
200
200
200
200
200
205
205
205
205
205
208
208
208
208
208
199
199
199
199
199
199
203
203
203
203
203
210
210
210
210
210
206
206
206
206
206
206
213
213
213
213
213
213
213
213
213
213
218
218
218
218
218
218
219
219
219
219
219
222
222
222
222
222
219
219
219
219
219
219
221
221
221
221
221
217
217
217
217
217
210
210
210
210
210
210
210
210
210
210
210
215
215
215
215
215
212
212
212
212
212
212
213
213
213
213
213
211
211
211
211
211
215
215
215
215
215
215
216
216
216
216
216
217
217
217
217
217
222
222
222
222
222
222
230
230
230
230
230
222
222
222
222
222
228
228
228
228
228
228
229
229
229
229
229
229
229
229
229
229
228
228
228
228
228
228
229
229
229
229
229
224
224
224
224
224
210
210
210
210
210
210
208
208
208
208
208
206
206
206
206
206
201
201
201
201
201
201
203
203
203
203
203
208
208
208
208
208
212
212
212
212
212
212
219
219
219
219
219
215
215
215
215
215
224
224
224
224
224
224
221
221
221
221
221
219
219
219
219
219
221
221
221
221
221
221
216
216
216
216
216
209
209
209
209
209
203
203
203
203
203
203
199
199
199
199
199
195
195
195
195
195
199
199
199
199
199
199
192
192
192
192
192
197
197
197
197
197
206
206
206
206
206
206
200
200
200
200
200
202
202
202
202
202
208
208
208
208
208
208
206
206
206
206
206
216
216
216
216
216
215
215
215
215
215
215
217
217
217
217
217
214
214
214
214
214
217
217
217
217
217
217
208
208
208
208
208
207
207
207
207
207
208
208
208
208
208
208
208
208
208
208
208
211
211
211
211
211
199
199
199
199
199
199
207
207
207
207
207
211
211
211
211
211
200
200
200
200
200
200
209
209
209
209
209
207
207
207
207
207
213
213
213
213
213
213
215
215
215
215
215
212
212
212
212
212
214
214
214
214
214
214
216
216
216
216
216
219
219
219
219
219
223
223
223
223
223
223
222
222
222
222
222
221
221
221
221
221
221
221
221
221
221
221
225
225
225
225
225
219
219
219
219
219
215
215
215
215
215
215
215
215
215
215
215
215
215
215
215
215
213
213
213
213
213
213
211
211
211
211
211
219
219
219
219
219
217
217
217
217
217
217
222
222
222
222
222
221
221
221
221
221
223
223
223
223
223
223
231
231
231
231
231
228
228
228
228
228
237
237
237
237
237
237
234
234
234
234
234
227
227
227
227
227
228
228
228
228
228
228
217
217
217
217
217
216
216
216
216
216
218
218
218
218
218
218
216
216
216
216
216
208
208
208
208
208
212
212
212
212
212
212
208
208
208
208
208
213
213
213
213
213
206
206
206
206
206
206
206
206
206
206
206
206
206
206
206
206
206
206
206
206
206
206
200
200
200
200
200
206
206
206
206
206
203
203
203
203
203
203
209
209
209
209
209
206
206
206
206
206
207
207
207
207
207
207
212
212
212
212
212
209
209
209
209
209
210
210
210
210
210
210
208
208
208
208
208
209
209
209
209
209
208
208
208
208
208
208
199
199
199
199
199
202
202
202
202
202
200
200
200
200
200
200
204
204
204
204
204
208
208
208
208
208
213
213
213
213
213
213
223
223
223
223
223
228
228
228
228
228
228
228
228
228
228
228
227
227
227
227
227
232
232
232
232
232
229
229
229
229
229
229
223
223
223
223
223
218
218
218
218
218
217
217
217
217
217
217
210
210
210
210
210
215
215
215
215
215
210
210
210
210
210
210
215
215
215
215
215
214
214
214
214
214
213
213
213
213
213
213
217
217
217
217
217
214
214
214
214
214
214
214
214
214
214
214
210
210
210
210
210
209
209
209
209
209
206
206
206
206
206
206
209
209
209
209
209
208
208
208
208
208
206
206
206
206
206
206
209
209
209
209
209
211
211
211
211
211
213
213
213
213
213
213
210
210
210
210
210
209
209
209
209
209
210
210
210
210
210
210
208
208
208
208
208
204
204
204
204
204
212
212
212
212
212
212
207
207
207
207
207
209
209
209
209
209
213
213
213
213
213
213
214
214
214
214
214
218
218
218
218
218
208
208
208
208
208
208
221
221
221
221
221
223
223
223
223
223
229
229
229
229
229
229
224
224
224
224
224
229
229
229
229
229
226
226
226
226
226
226
221
221
221
221
221
213
213
213
213
213
222
222
222
222
222
222
220
220
220
220
220
215
215
215
215
215
216
216
216
216
216
216
211
211
211
211
211
213
213
213
213
213
213
213
213
213
213
213
221
221
221
221
221
215
215
215
215
215
218
218
218
218
218
218
211
211
211
211
211
218
218
218
218
218
218
218
218
218
218
218
212
212
212
212
212
206
206
206
206
206
204
204
204
204
204
204
206
206
206
206
206
202
202
202
202
202
209
209
209
209
209
209
209
209
209
209
209
208
208
208
208
208
208
208
208
208
208
208
211
211
211
211
211
212
212
212
212
212
209
209
209
209
209
209
212
212
212
212
212
212
212
212
212
212
213
213
213
213
213
213
209
209
209
209
209
207
207
207
207
207
211
211
211
211
211
211
212
212
212
212
212
209
209
209
209
209
214
214
214
214
214
214
213
213
213
213
213
218
218
218
218
218
225
225
225
225
225
225
223
223
223
223
223
221
221
221
221
221
220
220
220
220
220
220
216
216
216
216
216
212
212
212
212
212
216
216
216
216
216
216
217
217
217
217
217
211
211
211
211
211
219
219
219
219
219
219
213
213
213
213
213
222
222
222
222
222
215
215
215
215
215
215
216
216
216
216
216
215
215
215
215
215
209
209
209
209
209
209
206
206
206
206
206
202
202
202
202
202
194
194
194
194
194
194
198
198
198
198
198
197
197
197
197
197
210
210
210
210
210
210
205
205
205
205
205
211
211
211
211
211
201
201
201
201
201
201
208
208
208
208
208
218
218
218
218
218
217
217
217
217
217
217
212
212
212
212
212
204
204
204
204
204
206
206
206
206
206
206
209
209
209
209
209
208
208
208
208
208
207
207
207
207
207
207
205
205
205
205
205
204
204
204
204
204
207
207
207
207
207
207
211
211
211
211
211
217
217
217
217
217
223
223
223
223
223
223
214
214
214
214
214
219
219
219
219
219
220
220
220
220
220
220
222
222
222
222
222
221
221
221
221
221
217
217
217
217
217
217
220
220
220
220
220
214
214
214
214
214
213
213
213
213
213
213
214
214
214
214
214
211
211
211
211
211
223
223
223
223
223
223
215
215
215
215
215
215
215
215
215
215
219
219
219
219
219
219
212
212
212
212
212
217
217
217
217
217
206
206
206
206
206
206
215
215
215
215
215
209
209
209
209
209
220
220
220
220
220
220
222
222
222
222
222
224
224
224
224
224
215
215
215
215
215
215
217
217
217
217
217
215
215
215
215
215
218
218
218
218
218
218
223
223
223
223
223
215
215
215
215
215
217
217
217
217
217
217
207
207
207
207
207
211
211
211
211
211
212
212
212
212
212
212
208
208
208
208
208
210
210
210
210
210
207
207
207
207
207
207
212
212
212
212
212
207
207
207
207
207
210
210
210
210
210
210
210
210
210
210
210
210
210
210
210
210
214
214
214
214
214
214
210
210
210
210
210
210
210
210
210
210
212
212
212
212
212
212
216
216
216
216
216
212
212
212
212
212
217
217
217
217
217
217
215
215
215
215
215
219
219
219
219
219
215
215
215
215
215
215
216
216
216
216
216
214
214
214
214
214
207
207
207
207
207
207
214
214
214
214
214
207
207
207
207
207
209
209
209
209
209
209
211
211
211
211
211
213
213
213
213
213
214
214
214
214
214
214
220
220
220
220
220
228
228
228
228
228
225
225
225
225
225
225
226
226
226
226
226
226
226
226
226
226
222
222
222
222
222
222
221
221
221
221
221
216
216
216
216
216
216
216
216
216
216
216
216
216
216
216
216
213
213
213
213
213
209
209
209
209
209
209
204
204
204
204
204
211
211
211
211
211
211
211
211
211
211
211
209
209
209
209
209
211
211
211
211
211
203
203
203
203
203
203
210
210
210
210
210
209
209
209
209
209
206
206
206
206
206
206
214
214
214
214
214
208
208
208
208
208
216
216
216
216
216
216
211
211
211
211
211
215
215
215
215
215
213
213
213
213
213
213
215
215
215
215
215
215
215
215
215
215
221
221
221
221
221
221
216
216
216
216
216
219
219
219
219
219
215
215
215
215
215
215
215
215
215
215
215
215
215
215
215
215
214
214
214
214
214
214
211
211
211
211
211
221
221
221
221
221
211
211
211
211
211
211
220
220
220
220
220
210
210
210
210
210
219
219
219
219
219
219
217
217
217
217
217
221
221
221
221
221
220
220
220
220
220
220
222
222
222
222
222
226
226
226
226
226
221
221
221
221
221
221
223
223
223
223
223
223
223
223
223
223
222
222
222
222
222
222
220
220
220
220
220
222
222
222
222
222
208
208
208
208
208
208
217
217
217
217
217
207
207
207
207
207
207
207
207
207
207
207
206
206
206
206
206
201
201
201
201
201
205
205
205
205
205
205
200
200
200
200
200
208
208
208
208
208
207
207
207
207
207
207
217
217
217
217
217
216
216
216
216
216
220
220
220
220
220
220
213
213
213
213
213
214
214
214
214
214
206
206
206
206
206
206
214
214
214
214
214
199
199
199
199
199
206
206
206
206
206
206
199
199
199
199
199
201
201
201
201
201
203
203
203
203
203
203
208
208
208
208
208
217
217
217
217
217
217
217
217
217
217
217
224
224
224
224
224
229
229
229
229
229
248
248
248
248
248
248
237
237
237
237
237
232
232
232
232
232
229
229
229
229
229
229
228
228
228
228
228
227
227
227
227
227
212
212
212
212
212
212
213
213
213
213
213
212
212
212
212
212
207
207
207
207
207
207
207
207
207
207
207
209
209
209
209
209
204
204
204
204
204
204
201
201
201
201
201
209
209
209
209
209
210
210
210
210
210
210
214
214
214
214
214
217
217
217
217
217
217
217
217
217
217
217
207
207
207
207
207
208
208
208
208
208
212
212
212
212
212
212
215
215
215
215
215
209
209
209
209
209
199
199
199
199
199
199
203
203
203
203
203
206
206
206
206
206
205
205
205
205
205
205
205
205
205
205
205
203
203
203
203
203
208
208
208
208
208
208
204
204
204
204
204
208
208
208
208
208
207
207
207
207
207
207
204
204
204
204
204
216
216
216
216
216
214
214
214
214
214
214
215
215
215
215
215
218
218
218
218
218
213
213
213
213
213
213
228
228
228
228
228
221
221
221
221
221
219
219
219
219
219
219
219
219
219
219
219
219
219
219
219
219
222
222
222
222
222
222
215
215
215
215
215
215
215
215
215
215
215
215
215
215
215
215
208
208
208
208
208
208
208
208
208
208
208
208
208
208
208
208
207
207
207
207
207
210
210
210
210
210
217
217
217
217
217
217
211
211
211
211
211
208
208
208
208
208
212
212
212
212
212
212
209
209
209
209
209
211
211
211
211
211
208
208
208
208
208
208
208
208
208
208
208
212
212
212
212
212
205
205
205
205
205
205
206
206
206
206
206
210
210
210
210
210
215
215
215
215
215
215
217
217
217
217
217
210
210
210
210
210
218
218
218
218
218
218
211
211
211
211
211
216
216
216
216
216
215
215
215
215
215
215
209
209
209
209
209
210
210
210
210
210
209
209
209
209
209
209
208
208
208
208
208
211
211
211
211
211
207
207
207
207
207
207
212
212
212
212
212
210
210
210
210
210
214
214
214
214
214
214
220
220
220
220
220
219
219
219
219
219
214
214
214
214
214
214
219
219
219
219
219
214
214
214
214
214
213
213
213
213
213
213
211
211
211
211
211
210
210
210
210
210
203
203
203
203
203
203
208
208
208
208
208
203
203
203
203
203
209
209
209
209
209
209
208
208
208
208
208
206
206
206
206
206
210
210
210
210
210
210
210
210
210
210
210
209
209
209
209
209
210
210
210
210
210
210
208
208
208
208
208
208
208
208
208
208
203
203
203
203
203
203
207
207
207
207
207
215
215
215
215
215
213
213
213
213
213
213
210
210
210
210
210
216
216
216
216
216
207
207
207
207
207
207
210
210
210
210
210
212
212
212
212
212
210
210
210
210
210
210
215
215
215
215
215
207
207
207
207
207
208
208
208
208
208
208
218
218
218
218
218
209
209
209
209
209
211
211
211
211
211
211
217
217
217
217
217
213
213
213
213
213
221
221
221
221
221
221
214
214
214
214
214
218
218
218
218
218
215
215
215
215
215
215
219
219
219
219
219
214
214
214
214
214
209
209
209
209
209
209
213
213
213
213
213
212
212
212
212
212
211
211
211
211
211
211
209
209
209
209
209
216
216
216
216
216
217
217
217
217
217
217
211
211
211
211
211
212
212
212
212
212
219
219
219
219
219
219
214
214
214
214
214
208
208
208
208
208
206
206
206
206
206
206
208
208
208
208
208
210
210
210
210
210
208
208
208
208
208
208
212
212
212
212
212
218
218
218
218
218
218
218
218
218
218
218
214
214
214
214
214
217
217
217
217
217
211
211
211
211
211
211
210
210
210
210
210
212
212
212
212
212
213
213
213
213
213
213
216
216
216
216
216
218
218
218
218
218
210
210
210
210
210
210
212
212
212
212
212
208
208
208
208
208
205
205
205
205
205
205
208
208
208
208
208
213
213
213
213
213
213
213
213
213
213
213
210
210
210
210
210
206
206
206
206
206
213
213
213
213
213
213
205
205
205
205
205
211
211
211
211